C(65,5,3) = 4368
Created by: Tung Le
Method of Construction: group theory
Lower Bound: Schonheim


  1  2  3 34 63
  1  2  4 21 52
  1  2  5 54 58
  1  2  6 14 51
  1  2  7 33 45
  1  2  8 29 62
  1  2  9 37 59
  1  2 10 25 49
  1  2 11 38 41
  1  2 12 27 28
  1  2 13 17 43
  1  2 15 42 47
  1  2 16 19 50
  1  2 18 39 64
  1  2 20 22 57
  1  2 23 26 55
  1  2 24 31 40
  1  2 30 35 65
  1  2 32 46 56
  1  2 36 48 53
  1  2 44 60 61
  1  3  4 16 41
  1  3  5 25 57
  1  3  6 24 42
  1  3  7 39 60
  1  3  8 21 50
  1  3  9 27 30
  1  3 10 43 54
  1  3 11 52 62
  1  3 12 53 65
  1  3 13 20 58
  1  3 14 31 56
  1  3 15 32 51
  1  3 17 22 49
  1  3 18 33 55
  1  3 19 29 38
  1  3 23 44 64
  1  3 26 45 61
  1  3 28 36 59
  1  3 35 37 48
  1  3 40 46 47
  1  4  5 40 60
  1  4  6 22 59
  1  4  7  9 57
  1  4  8 34 38
  1  4 10 55 56
  1  4 11 29 50
  1  4 12 26 32
  1  4 13 15 65
  1  4 14 33 37
  1  4 17 42 64
  1  4 18 35 43
  1  4 19 62 63
  1  4 20 45 51
  1  4 23 28 49
  1  4 24 36 44
  1  4 25 27 46
  1  4 30 39 47
  1  4 31 48 54
  1  4 53 58 61
  1  5  6 12 18
  1  5  7 30 46
  1  5  8 33 65
  1  5  9 16 47
  1  5 10 17 20
  1  5 11 51 64
  1  5 13 34 49
  1  5 14 28 38
  1  5 15 23 37
  1  5 19 26 59
  1  5 21 24 53
  1  5 22 43 63
  1  5 27 39 41
  1  5 29 45 56
  1  5 31 36 61
  1  5 32 35 62
  1  5 42 50 55
  1  5 44 48 52
  1  6  7 20 37
  1  6  8 53 55
  1  6  9 45 52
  1  6 10 30 61
  1  6 11 27 54
  1  6 13 29 48
  1  6 15 31 46
  1  6 16 44 49
  1  6 17 23 36
  1  6 19 35 60
  1  6 21 33 57
  1  6 25 50 65
  1  6 26 43 62
  1  6 28 41 64
  1  6 32 40 63
  1  6 34 47 56
  1  6 38 39 58
  1  7  8 32 54
  1  7 10 15 36
  1  7 11 49 53
  1  7 12 17 31
  1  7 13 19 24
  1  7 14 22 52
  1  7 16 27 40
  1  7 18 23 61
  1  7 21 51 59
  1  7 25 41 47
  1  7 26 34 64
  1  7 28 43 50
  1  7 29 35 58
  1  7 38 42 48
  1  7 44 55 63
  1  7 56 62 65
  1  8  9 31 64
  1  8 10 39 59
  1  8 11 16 63
  1  8 12 42 57
  1  8 13 14 23
  1  8 15 28 60
  1  8 17 26 48
  1  8 18 24 25
  1  8 19 41 52
  1  8 20 27 44
  1  8 22 47 61
  1  8 30 56 58
  1  8 35 45 46
  1  8 36 43 51
  1  8 37 40 49
  1  9 10 24 62
  1  9 11 43 61
  1  9 12 34 48
  1  9 13 44 56
  1  9 14 20 21
  1  9 15 19 55
  1  9 17 32 38
  1  9 18 29 49
  1  9 22 33 51
  1  9 23 50 58
  1  9 25 39 40
  1  9 26 42 54
  1  9 28 35 53
  1  9 36 63 65
  1  9 41 46 60
  1 10 11 42 45
  1 10 12 23 46
  1 10 13 57 63
  1 10 14 16 35
  1 10 18 31 37
  1 10 19 44 65
  1 10 21 28 32
  1 10 22 34 58
  1 10 26 27 52
  1 10 29 40 64
  1 10 33 41 48
  1 10 38 47 53
  1 10 50 51 60
  1 11 12 14 39
  1 11 13 46 59
  1 11 15 25 48
  1 11 17 56 60
  1 11 18 28 58
  1 11 19 21 34
  1 11 20 40 55
  1 11 22 31 65
  1 11 23 35 57
  1 11 24 26 30
  1 11 32 37 44
  1 11 33 36 47
  1 12 13 16 45
  1 12 15 20 61
  1 12 19 40 43
  1 12 21 25 55
  1 12 22 60 62
  1 12 24 33 50
  1 12 29 44 47
  1 12 30 36 37
  1 12 35 59 63
  1 12 38 54 64
  1 12 41 51 58
  1 12 49 52 56
  1 13 18 47 52
  1 13 21 30 64
  1 13 22 25 54
  1 13 26 51 53
  1 13 27 31 50
  1 13 28 33 40
  1 13 32 41 61
  1 13 35 39 42
  1 13 36 55 62
  1 13 37 38 60
  1 14 15 34 40
  1 14 17 53 62
  1 14 18 41 54
  1 14 19 25 61
  1 14 24 32 47
  1 14 26 29 36
  1 14 27 58 64
  1 14 30 44 50
  1 14 42 46 63
  1 14 43 48 55
  1 14 45 57 59
  1 14 49 60 65
  1 15 16 26 58
  1 15 17 18 30
  1 15 21 39 43
  1 15 22 27 29
  1 15 24 56 63
  1 15 33 38 49
  1 15 35 52 64
  1 15 41 45 53
  1 15 44 57 62
  1 15 50 54 59
  1 16 17 24 28
  1 16 18 48 56
  1 16 20 32 53
  1 16 21 38 62
  1 16 22 36 64
  1 16 23 42 59
  1 16 25 30 60
  1 16 29 34 52
  1 16 31 33 43
  1 16 37 54 55
  1 16 39 46 57
  1 16 51 61 65
  1 17 19 27 33
  1 17 21 35 47
  1 17 25 58 63
  1 17 29 51 55
  1 17 34 54 57
  1 17 37 46 61
  1 17 39 52 65
  1 17 40 45 50
  1 17 41 44 59
  1 18 19 22 32
  1 18 20 36 46
  1 18 21 42 65
  1 18 26 60 63
  1 18 27 38 51
  1 18 34 44 45
  1 18 40 59 62
  1 18 50 53 57
  1 19 20 39 48
  1 19 23 47 54
  1 19 28 31 45
  1 19 30 49 51
  1 19 36 56 57
  1 19 37 42 58
  1 19 46 53 64
  1 20 23 30 31
  1 20 24 35 38
  1 20 25 34 43
  1 20 26 41 65
  1 20 28 47 62
  1 20 29 42 60
  1 20 33 52 59
  1 20 49 54 63
  1 20 50 56 64
  1 21 22 37 45
  1 21 23 27 56
  1 21 26 46 49
  1 21 29 41 63
  1 21 31 44 58
  1 21 36 54 60
  1 21 40 48 61
  1 22 23 24 41
  1 22 26 35 40
  1 22 28 42 44
  1 22 30 38 55
  1 22 39 53 56
  1 22 46 48 50
  1 23 25 32 52
  1 23 29 43 53
  1 23 33 34 60
  1 23 38 40 65
  1 23 39 45 63
  1 23 48 51 62
  1 24 27 43 45
  1 24 29 37 39
  1 24 34 46 51
  1 24 48 58 60
  1 24 49 59 64
  1 24 52 54 61
  1 24 55 57 65
  1 25 26 28 56
  1 25 29 31 59
  1 25 33 42 53
  1 25 35 44 51
  1 25 36 38 45
  1 25 37 62 64
  1 26 31 38 57
  1 26 33 39 44
  1 26 37 47 50
  1 27 32 49 55
  1 27 34 35 36
  1 27 37 53 63
  1 27 42 61 62
  1 27 47 57 60
  1 27 48 59 65
  1 28 29 57 61
  1 28 30 48 63
  1 28 34 37 65
  1 28 39 51 54
  1 28 46 52 55
  1 29 30 32 33
  1 29 46 54 65
  1 30 34 53 59
  1 30 40 41 57
  1 30 42 43 52
  1 30 45 54 62
  1 31 32 34 42
  1 31 35 41 55
  1 31 39 49 62
  1 31 47 51 63
  1 31 52 53 60
  1 32 36 39 50
  1 32 43 59 60
  1 32 45 58 65
  1 32 48 57 64
  1 33 35 54 56
  1 33 46 58 62
  1 33 61 63 64
  1 34 39 55 61
  1 34 41 50 62
  1 35 49 50 61
  1 36 40 52 58
  1 36 41 42 49
  1 37 41 43 56
  1 37 51 52 57
  1 38 43 44 46
  1 38 50 52 63
  1 38 56 59 61
  1 40 42 51 56
  1 40 44 53 54
  1 43 47 64 65
  1 43 49 57 58
  1 45 47 48 49
  1 45 55 60 64
  1 47 55 58 59
  2  3  4 35 57
  2  3  5 37 45
  2  3  6 10 38
  2  3  7 40 58
  2  3  8 13 39
  2  3  9 31 33
  2  3 11 14 55
  2  3 12 17 64
  2  3 15 44 53
  2  3 16 48 61
  2  3 18 27 62
  2  3 19 36 42
  2  3 20 21 46
  2  3 22 32 65
  2  3 23 49 51
  2  3 24 54 59
  2  3 25 26 41
  2  3 28 29 43
  2  3 30 52 56
  2  3 47 50 60
  2  4  5 47 51
  2  4  6 54 62
  2  4  7 41 44
  2  4  8 15 58
  2  4  9 36 43
  2  4 10 48 59
  2  4 11 28 33
  2  4 12 45 60
  2  4 13 25 53
  2  4 14 29 42
  2  4 16 18 24
  2  4 17 37 49
  2  4 19 31 55
  2  4 20 30 32
  2  4 22 56 63
  2  4 23 50 64
  2  4 26 39 40
  2  4 27 38 61
  2  4 34 46 65
  2  5  6 15 29
  2  5  7 31 59
  2  5  8 14 21
  2  5  9 34 40
  2  5 10 32 44
  2  5 11 13 16
  2  5 12 23 57
  2  5 17 35 50
  2  5 18 25 56
  2  5 19 30 41
  2  5 20 48 55
  2  5 22 28 53
  2  5 24 33 63
  2  5 26 27 36
  2  5 38 43 65
  2  5 39 46 61
  2  5 42 52 62
  2  5 49 60 64
  2  6  7 36 64
  2  6  8 47 52
  2  6  9 50 56
  2  6 11 26 49
  2  6 12 19 46
  2  6 13 31 60
  2  6 16 27 59
  2  6 17 20 40
  2  6 18 35 48
  2  6 21 42 58
  2  6 22 43 44
  2  6 23 41 63
  2  6 24 57 61
  2  6 25 34 55
  2  6 28 32 37
  2  6 30 33 39
  2  6 45 53 65
  2  7  8 25 57
  2  7  9 54 63
  2  7 10 19 20
  2  7 11 27 60
  2  7 12 21 38
  2  7 13 15 26
  2  7 14 18 65
  2  7 16 29 49
  2  7 17 42 46
  2  7 22 50 62
  2  7 23 43 56
  2  7 24 34 37
  2  7 28 52 61
  2  7 30 48 51
  2  7 32 47 55
  2  7 35 39 53
  2  8  9 30 60
  2  8 10 33 50
  2  8 11 46 48
  2  8 12 18 43
  2  8 16 20 45
  2  8 17 27 63
  2  8 19 22 49
  2  8 23 59 65
  2  8 24 32 36
  2  8 26 35 44
  2  8 28 34 64
  2  8 31 38 56
  2  8 37 55 61
  2  8 40 41 53
  2  8 42 51 54
  2  9 10 13 52
  2  9 11 42 57
  2  9 12 16 32
  2  9 14 19 28
  2  9 15 18 20
  2  9 17 25 48
  2  9 21 49 53
  2  9 22 41 64
  2  9 23 44 62
  2  9 24 45 58
  2  9 26 61 65
  2  9 27 46 51
  2  9 29 35 55
  2  9 38 39 47
  2 10 11 23 34
  2 10 12 40 42
  2 10 14 26 63
  2 10 15 28 65
  2 10 16 57 62
  2 10 17 21 36
  2 10 18 54 61
  2 10 22 29 45
  2 10 24 27 35
  2 10 30 31 47
  2 10 37 43 53
  2 10 39 56 60
  2 10 41 51 55
  2 10 46 58 64
  2 11 12 44 52
  2 11 15 59 64
  2 11 17 30 54
  2 11 18 22 47
  2 11 19 35 43
  2 11 20 37 39
  2 11 21 45 61
  2 11 24 53 56
  2 11 25 51 63
  2 11 29 31 36
  2 11 32 40 62
  2 11 50 58 65
  2 12 13 34 62
  2 12 14 56 59
  2 12 15 24 30
  2 12 20 36 58
  2 12 22 26 48
  2 12 25 31 65
  2 12 29 39 63
  2 12 33 41 61
  2 12 35 47 49
  2 12 37 50 51
  2 12 53 54 55
  2 13 14 20 61
  2 13 18 28 63
  2 13 19 54 65
  2 13 21 37 48
  2 13 22 24 51
  2 13 23 32 42
  2 13 27 29 64
  2 13 30 38 50
  2 13 33 47 56
  2 13 35 41 58
  2 13 36 49 59
  2 13 40 44 57
  2 13 45 46 55
  2 14 15 52 54
  2 14 16 37 46
  2 14 17 24 44
  2 14 22 40 60
  2 14 23 25 38
  2 14 27 32 50
  2 14 30 53 64
  2 14 31 43 57
  2 14 33 35 36
  2 14 34 41 49
  2 14 39 45 48
  2 14 47 58 62
  2 15 16 36 60
  2 15 17 55 56
  2 15 19 61 63
  2 15 21 51 62
  2 15 22 37 38
  2 15 23 33 46
  2 15 25 35 40
  2 15 27 31 49
  2 15 32 43 45
  2 15 34 48 50
  2 15 39 41 57
  2 16 17 41 65
  2 16 21 39 55
  2 16 22 25 33
  2 16 23 40 52
  2 16 26 31 64
  2 16 28 51 56
  2 16 30 43 58
  2 16 34 42 44
  2 16 35 38 54
  2 16 47 53 63
  2 17 18 29 34
  2 17 19 38 58
  2 17 22 31 61
  2 17 23 45 47
  2 17 26 32 33
  2 17 28 39 62
  2 17 51 57 60
  2 17 52 53 59
  2 18 19 26 52
  2 18 21 23 31
  2 18 30 36 45
  2 18 32 58 60
  2 18 33 51 53
  2 18 37 41 42
  2 18 38 57 59
  2 18 40 50 55
  2 18 44 46 49
  2 19 21 40 64
  2 19 23 24 39
  2 19 25 45 62
  2 19 27 37 56
  2 19 29 33 57
  2 19 32 51 59
  2 19 34 53 60
  2 19 44 47 48
  2 20 23 27 53
  2 20 24 43 60
  2 20 25 29 50
  2 20 26 28 54
  2 20 31 44 51
  2 20 33 49 62
  2 20 34 35 56
  2 20 38 42 64
  2 20 41 47 59
  2 20 52 63 65
  2 21 22 30 34
  2 21 24 26 50
  2 21 25 43 59
  2 21 27 33 44
  2 21 28 41 60
  2 21 29 47 54
  2 21 32 35 63
  2 21 56 57 65
  2 22 23 36 54
  2 22 27 55 58
  2 22 35 46 52
  2 22 39 42 59
  2 23 28 48 58
  2 23 29 30 61
  2 23 35 37 60
  2 24 25 28 47
  2 24 29 41 46
  2 24 38 48 62
  2 24 42 49 65
  2 24 52 55 64
  2 25 27 30 42
  2 25 32 61 64
  2 25 36 37 52
  2 25 39 44 58
  2 25 46 54 60
  2 26 29 59 60
  2 26 30 37 62
  2 26 34 38 51
  2 26 42 45 56
  2 26 43 46 47
  2 26 53 57 58
  2 27 34 39 43
  2 27 40 47 65
  2 27 41 45 52
  2 27 48 54 57
  2 28 30 40 49
  2 28 31 35 42
  2 28 36 55 57
  2 28 38 44 45
  2 28 46 50 59
  2 29 32 38 53
  2 29 37 44 65
  2 29 40 48 56
  2 29 51 52 58
  2 30 44 55 59
  2 30 46 57 63
  2 31 32 41 48
  2 31 34 45 54
  2 31 37 58 63
  2 31 39 50 52
  2 31 46 53 62
  2 32 34 52 57
  2 32 39 49 54
  2 33 34 58 59
  2 33 37 40 54
  2 33 38 52 60
  2 33 42 43 55
  2 33 48 64 65
  2 34 36 47 61
  2 35 45 51 64
  2 35 59 61 62
  2 36 38 40 46
  2 36 39 51 65
  2 36 41 56 62
  2 36 44 50 63
  2 37 47 57 64
  2 38 49 55 63
  2 40 43 51 61
  2 40 45 59 63
  2 41 43 50 54
  2 42 48 60 63
  2 42 50 53 61
  2 43 48 49 52
  2 43 62 63 64
  2 44 54 56 64
  2 45 49 50 57
  2 49 56 58 61
  2 55 60 62 65
  3  4  5 61 63
  3  4  6  8 32
  3  4  7 18 36
  3  4  9 21 24
  3  4 10 11 13
  3  4 12 33 59
  3  4 14 22 38
  3  4 15 30 50
  3  4 17 31 46
  3  4 19 40 49
  3  4 20 54 64
  3  4 23 58 62
  3  4 25 45 48
  3  4 26 34 37
  3  4 27 42 51
  3  4 28 53 60
  3  4 29 47 56
  3  4 39 55 65
  3  4 43 44 52
  3  5  6 23 56
  3  5  7 14 64
  3  5  8 59 62
  3  5  9 19 65
  3  5 10 46 51
  3  5 11 17 28
  3  5 12 29 58
  3  5 13 27 53
  3  5 15 18 54
  3  5 16 26 35
  3  5 20 30 38
  3  5 21 49 52
  3  5 22 36 50
  3  5 24 39 44
  3  5 31 42 60
  3  5 32 33 47
  3  5 34 41 48
  3  5 40 43 55
  3  6  7 31 44
  3  6  9 15 16
  3  6 11 35 65
  3  6 12 47 62
  3  6 13 22 55
  3  6 14 39 57
  3  6 17 18 26
  3  6 19 28 54
  3  6 20 45 49
  3  6 21 30 51
  3  6 25 60 64
  3  6 27 41 50
  3  6 29 59 63
  3  6 33 58 61
  3  6 34 36 43
  3  6 37 46 52
  3  6 40 48 53
  3  7  8 34 46
  3  7  9 10 48
  3  7 11 29 45
  3  7 12 28 55
  3  7 13 21 47
  3  7 15 38 61
  3  7 16 33 53
  3  7 17 37 43
  3  7 19 51 62
  3  7 20 50 63
  3  7 22 30 54
  3  7 23 42 57
  3  7 24 25 56
  3  7 26 32 52
  3  7 27 35 49
  3  7 41 59 65
  3  8  9 41 51
  3  8 10 14 65
  3  8 11 22 57
  3  8 12 56 61
  3  8 15 24 27
  3  8 16 30 42
  3  8 17 36 52
  3  8 18 37 44
  3  8 19 48 64
  3  8 20 40 60
  3  8 23 29 33
  3  8 25 28 49
  3  8 26 31 43
  3  8 35 38 55
  3  8 45 53 54
  3  8 47 58 63
  3  9 11 18 56
  3  9 12 20 57
  3  9 13 25 29
  3  9 14 34 62
  3  9 17 35 54
  3  9 22 37 60
  3  9 23 26 28
  3  9 32 42 50
  3  9 36 45 47
  3  9 38 53 58
  3  9 39 43 49
  3  9 40 44 61
  3  9 46 59 64
  3  9 52 55 63
  3 10 12 26 50
  3 10 15 33 40
  3 10 16 44 58
  3 10 17 27 60
  3 10 18 25 47
  3 10 19 34 59
  3 10 20 23 52
  3 10 21 45 56
  3 10 22 35 39
  3 10 24 29 36
  3 10 28 42 63
  3 10 30 37 49
  3 10 31 53 61
  3 10 32 55 57
  3 10 41 62 64
  3 11 12 37 40
  3 11 15 19 26
  3 11 16 23 54
  3 11 20 41 44
  3 11 21 25 36
  3 11 24 47 48
  3 11 27 31 63
  3 11 30 33 34
  3 11 32 38 39
  3 11 42 46 53
  3 11 43 58 64
  3 11 49 50 59
  3 11 51 60 61
  3 12 13 19 30
  3 12 14 43 45
  3 12 15 34 49
  3 12 16 36 39
  3 12 18 41 60
  3 12 21 31 54
  3 12 22 44 51
  3 12 23 32 63
  3 12 24 35 46
  3 12 25 27 38
  3 12 42 48 52
  3 13 14 32 35
  3 13 15 37 59
  3 13 16 52 64
  3 13 17 42 61
  3 13 18 24 45
  3 13 23 41 43
  3 13 26 33 49
  3 13 28 31 51
  3 13 34 40 50
  3 13 36 48 56
  3 13 38 57 65
  3 13 44 54 62
  3 13 46 60 63
  3 14 15 20 36
  3 14 16 47 49
  3 14 17 29 40
  3 14 18 30 63
  3 14 19 41 46
  3 14 21 26 53
  3 14 23 24 60
  3 14 25 42 44
  3 14 27 33 52
  3 14 28 37 58
  3 14 48 51 59
  3 14 50 54 61
  3 15 17 23 65
  3 15 21 41 42
  3 15 22 63 64
  3 15 25 46 55
  3 15 28 35 56
  3 15 29 52 60
  3 15 31 48 58
  3 15 39 45 62
  3 15 43 47 57
  3 16 17 19 56
  3 16 18 28 65
  3 16 20 43 62
  3 16 21 27 32
  3 16 22 29 46
  3 16 24 50 51
  3 16 25 37 63
  3 16 31 38 40
  3 16 34 45 57
  3 16 55 59 60
  3 17 20 24 33
  3 17 21 57 59
  3 17 25 50 62
  3 17 30 39 48
  3 17 32 34 44
  3 17 38 41 47
  3 17 45 55 58
  3 17 51 53 63
  3 18 19 23 35
  3 18 20 22 61
  3 18 21 29 48
  3 18 31 34 52
  3 18 32 43 46
  3 18 38 50 64
  3 18 39 53 59
  3 18 40 51 57
  3 18 42 49 58
  3 19 20 25 53
  3 19 21 44 55
  3 19 22 31 47
  3 19 24 43 63
  3 19 27 57 58
  3 19 32 45 60
  3 19 33 37 50
  3 19 39 52 61
  3 20 26 42 55
  3 20 27 29 65
  3 20 28 32 48
  3 20 31 35 59
  3 20 34 39 47
  3 20 37 51 56
  3 21 22 28 62
  3 21 23 37 38
  3 21 33 35 64
  3 21 34 58 60
  3 21 39 40 63
  3 21 43 61 65
  3 22 23 34 53
  3 22 24 26 58
  3 22 25 52 59
  3 22 27 43 48
  3 22 33 42 45
  3 22 40 41 56
  3 23 25 31 39
  3 23 27 36 40
  3 23 30 45 46
  3 23 47 59 61
  3 23 48 50 55
  3 24 28 34 38
  3 24 30 32 41
  3 24 31 57 64
  3 24 37 53 62
  3 24 40 52 65
  3 24 49 55 61
  3 25 30 58 65
  3 25 32 40 54
  3 25 33 43 51
  3 25 34 35 61
  3 26 27 47 64
  3 26 29 39 51
  3 26 30 40 59
  3 26 36 44 46
  3 26 38 60 62
  3 26 48 57 63
  3 26 54 56 65
  3 27 28 46 61
  3 27 34 55 56
  3 27 37 39 54
  3 27 44 45 59
  3 28 30 44 47
  3 28 33 39 41
  3 28 40 45 64
  3 28 50 52 57
  3 29 30 53 57
  3 29 31 41 49
  3 29 32 61 62
  3 29 34 42 54
  3 29 35 44 50
  3 29 37 55 64
  3 30 31 55 62
  3 30 35 43 60
  3 30 36 61 64
  3 31 32 36 37
  3 31 45 50 65
  3 32 49 53 64
  3 32 56 58 59
  3 33 36 60 65
  3 33 38 44 48
  3 33 46 54 57
  3 33 56 62 63
  3 34 51 64 65
  3 35 36 51 58
  3 35 40 42 62
  3 35 41 45 63
  3 35 47 52 53
  3 36 38 54 63
  3 36 41 53 55
  3 36 49 57 62
  3 37 41 57 61
  3 37 42 47 65
  3 38 42 43 59
  3 38 45 51 52
  3 38 46 49 56
  3 39 42 56 64
  3 39 46 50 58
  3 41 52 54 58
  3 43 50 53 56
  3 44 49 63 65
  3 44 56 57 60
  3 46 48 62 65
  3 47 51 54 55
  3 48 49 54 60
  4  5  6  7 65
  4  5  8 18 48
  4  5  9 13 64
  4  5 10 24 37
  4  5 11 34 54
  4  5 12 30 52
  4  5 14 27 56
  4  5 15 17 59
  4  5 16 49 58
  4  5 19 23 53
  4  5 20 21 26
  4  5 22 42 57
  4  5 25 36 55
  4  5 28 41 62
  4  5 29 35 38
  4  5 31 43 50
  4  5 32 39 45
  4  5 33 44 46
  4  6  9 17 60
  4  6 10 19 52
  4  6 11 44 51
  4  6 12 37 38
  4  6 13 40 42
  4  6 14 16 26
  4  6 15 57 64
  4  6 18 25 39
  4  6 20 50 58
  4  6 21 31 56
  4  6 23 30 35
  4  6 24 29 53
  4  6 27 43 49
  4  6 28 46 47
  4  6 33 34 41
  4  6 36 45 61
  4  6 48 55 63
  4  7  8 45 55
  4  7 10 23 38
  4  7 11 46 62
  4  7 12 19 29
  4  7 13 17 22
  4  7 14 31 58
  4  7 15 42 60
  4  7 16 21 43
  4  7 20 49 56
  4  7 24 35 52
  4  7 25 32 63
  4  7 26 27 50
  4  7 28 34 51
  4  7 30 37 53
  4  7 33 47 54
  4  7 39 48 61
  4  7 40 59 64
  4  8  9 28 56
  4  8 10 49 51
  4  8 11 40 43
  4  8 12 14 41
  4  8 13 27 52
  4  8 16 37 59
  4  8 17 24 47
  4  8 19 42 44
  4  8 20 23 57
  4  8 21 46 53
  4  8 22 26 33
  4  8 25 61 65
  4  8 29 31 60
  4  8 30 62 64
  4  8 35 50 54
  4  8 36 39 63
  4  9 10 20 34
  4  9 11 26 63
  4  9 12 27 62
  4  9 14 30 48
  4  9 15 22 40
  4  9 16 35 44
  4  9 18 41 52
  4  9 19 25 50
  4  9 23 51 55
  4  9 29 32 46
  4  9 31 47 53
  4  9 33 39 58
  4  9 37 54 61
  4  9 38 45 49
  4  9 42 59 65
  4 10 12 35 53
  4 10 14 36 46
  4 10 15 16 47
  4 10 17 18 58
  4 10 21 54 63
  4 10 22 31 62
  4 10 25 33 60
  4 10 26 61 64
  4 10 27 40 44
  4 10 28 45 57
  4 10 29 30 65
  4 10 32 42 43
  4 10 39 41 50
  4 11 12 25 57
  4 11 14 17 23
  4 11 15 39 56
  4 11 16 30 55
  4 11 18 31 38
  4 11 19 27 32
  4 11 20 24 61
  4 11 21 37 64
  4 11 22 36 58
  4 11 35 48 60
  4 11 41 47 65
  4 11 42 49 52
  4 11 45 53 59
  4 12 13 28 48
  4 12 15 31 44
  4 12 16 22 34
  4 12 17 43 61
  4 12 18 56 64
  4 12 20 40 47
  4 12 21 39 51
  4 12 23 24 65
  4 12 36 49 54
  4 12 42 55 58
  4 12 46 50 63
  4 13 14 18 62
  4 13 16 29 39
  4 13 19 43 51
  4 13 20 37 63
  4 13 21 34 61
  4 13 23 31 36
  4 13 24 26 54
  4 13 30 41 56
  4 13 32 44 49
  4 13 33 35 45
  4 13 38 46 58
  4 13 47 50 55
  4 13 57 59 60
  4 14 15 19 45
  4 14 20 43 65
  4 14 21 49 50
  4 14 24 25 40
  4 14 28 52 64
  4 14 32 34 59
  4 14 35 51 63
  4 14 39 53 54
  4 14 44 55 60
  4 14 47 57 61
  4 15 18 37 51
  4 15 20 35 62
  4 15 21 25 38
  4 15 23 32 54
  4 15 24 48 49
  4 15 26 28 36
  4 15 27 34 53
  4 15 29 41 55
  4 15 33 43 63
  4 15 46 52 61
  4 16 17 48 51
  4 16 19 28 61
  4 16 20 27 31
  4 16 23 60 63
  4 16 25 42 54
  4 16 32 33 38
  4 16 36 52 57
  4 16 40 53 62
  4 16 45 46 64
  4 16 50 56 65
  4 17 19 34 39
  4 17 20 25 41
  4 17 21 28 29
  4 17 26 35 55
  4 17 27 45 54
  4 17 30 44 63
  4 17 32 53 56
  4 17 33 50 52
  4 17 36 38 62
  4 17 40 57 65
  4 18 19 20 33
  4 18 21 44 57
  4 18 22 23 46
  4 18 26 42 53
  4 18 27 28 30
  4 18 29 40 54
  4 18 32 55 61
  4 18 34 50 60
  4 18 45 63 65
  4 18 47 49 59
  4 19 21 22 48
  4 19 24 30 38
  4 19 26 46 57
  4 19 35 37 65
  4 19 36 47 64
  4 19 41 58 60
  4 19 54 56 59
  4 20 22 44 53
  4 20 28 38 55
  4 20 29 36 59
  4 20 39 52 60
  4 20 42 46 48
  4 21 23 33 42
  4 21 27 58 65
  4 21 30 40 45
  4 21 32 47 60
  4 21 35 36 41
  4 21 55 59 62
  4 22 24 45 50
  4 22 25 30 49
  4 22 27 35 47
  4 22 28 39 43
  4 22 29 51 61
  4 22 32 37 41
  4 22 52 54 55
  4 22 60 64 65
  4 23 25 43 47
  4 23 26 44 48
  4 23 27 39 59
  4 23 29 37 52
  4 23 34 45 56
  4 23 40 41 61
  4 24 27 33 55
  4 24 28 31 32
  4 24 34 63 64
  4 24 39 42 62
  4 24 41 43 57
  4 24 46 56 60
  4 24 51 58 59
  4 25 26 29 62
  4 25 28 35 59
  4 25 31 51 64
  4 25 34 52 58
  4 25 37 44 56
  4 26 30 51 60
  4 26 31 49 65
  4 26 38 41 59
  4 26 43 56 58
  4 26 45 47 52
  4 27 29 57 63
  4 27 36 37 60
  4 27 41 48 64
  4 28 37 42 50
  4 28 40 58 63
  4 28 44 54 65
  4 29 33 49 64
  4 29 34 43 48
  4 29 44 45 58
  4 30 31 33 61
  4 30 34 36 42
  4 30 43 46 59
  4 30 54 57 58
  4 31 34 35 40
  4 31 37 39 57
  4 31 41 42 45
  4 31 52 59 63
  4 32 35 58 64
  4 32 36 48 65
  4 32 40 51 52
  4 32 50 57 62
  4 33 36 40 56
  4 33 48 53 57
  4 33 51 62 65
  4 34 44 47 62
  4 34 49 55 57
  4 35 39 46 49
  4 35 42 56 61
  4 36 50 51 53
  4 37 40 46 55
  4 37 43 45 62
  4 37 47 48 58
  4 38 39 44 64
  4 38 40 48 50
  4 38 42 47 63
  4 38 43 54 60
  4 38 51 56 57
  4 38 52 53 65
  4 41 46 51 54
  4 41 49 53 63
  4 43 53 55 64
  4 44 50 59 61
  4 48 52 56 62
  4 49 60 61 62
  5  6  8 30 44
  5  6  9 27 63
  5  6 10 16 41
  5  6 11 21 32
  5  6 13 14 19
  5  6 17 43 47
  5  6 20 22 39
  5  6 24 36 62
  5  6 25 37 58
  5  6 26 34 42
  5  6 28 49 55
  5  6 31 35 51
  5  6 33 40 52
  5  6 38 50 59
  5  6 45 54 57
  5  6 46 48 60
  5  6 53 61 64
  5  7  8 52 60
  5  7  9 53 56
  5  7 10 25 28
  5  7 11 20 57
  5  7 12 33 48
  5  7 13 23 63
  5  7 15 35 43
  5  7 16 24 55
  5  7 17 38 51
  5  7 18 40 44
  5  7 19 27 61
  5  7 21 42 45
  5  7 22 32 34
  5  7 26 39 54
  5  7 29 47 50
  5  7 36 41 58
  5  7 37 49 62
  5  8  9 35 57
  5  8 10 13 29
  5  8 11 15 41
  5  8 12 40 46
  5  8 16 19 32
  5  8 17 34 61
  5  8 20 36 56
  5  8 22 24 38
  5  8 23 39 50
  5  8 25 26 47
  5  8 27 51 55
  5  8 28 54 63
  5  8 31 45 49
  5  8 37 42 64
  5  8 43 53 58
  5  9 10 18 22
  5  9 11 58 60
  5  9 12 17 39
  5  9 14 23 61
  5  9 15 36 52
  5  9 20 41 43
  5  9 21 46 50
  5  9 24 29 42
  5  9 25 32 59
  5  9 26 33 62
  5  9 28 31 44
  5  9 30 45 55
  5  9 37 38 48
  5  9 49 51 54
  5 10 11 14 30
  5 10 12 27 43
  5 10 15 19 21
  5 10 23 26 60
  5 10 31 34 56
  5 10 33 45 61
  5 10 35 42 48
  5 10 36 49 65
  5 10 38 57 64
  5 10 39 47 63
  5 10 40 53 59
  5 10 50 52 54
  5 10 55 58 62
  5 11 12 24 31
  5 11 18 61 62
  5 11 19 29 44
  5 11 22 26 45
  5 11 23 33 55
  5 11 25 38 46
  5 11 27 37 50
  5 11 35 36 53
  5 11 39 42 65
  5 11 40 47 49
  5 11 43 52 56
  5 11 48 59 63
  5 12 13 55 59
  5 12 14 34 50
  5 12 15 25 45
  5 12 16 20 63
  5 12 19 28 42
  5 12 21 35 61
  5 12 22 41 47
  5 12 26 38 49
  5 12 32 36 64
  5 12 37 54 56
  5 12 44 60 65
  5 12 51 53 62
  5 13 15 30 32
  5 13 17 36 45
  5 13 18 38 42
  5 13 20 31 33
  5 13 21 41 44
  5 13 22 35 37
  5 13 24 48 57
  5 13 25 39 52
  5 13 26 28 50
  5 13 40 51 58
  5 13 43 46 62
  5 13 47 54 60
  5 13 56 61 65
  5 14 15 16 44
  5 14 17 46 57
  5 14 18 26 55
  5 14 20 25 51
  5 14 22 33 58
  5 14 24 43 54
  5 14 29 32 41
  5 14 31 37 52
  5 14 35 39 40
  5 14 36 47 48
  5 14 42 49 59
  5 14 45 60 62
  5 14 53 63 65
  5 15 20 53 60
  5 15 22 46 49
  5 15 24 26 40
  5 15 27 33 42
  5 15 28 48 61
  5 15 31 38 47
  5 15 34 62 63
  5 15 39 55 64
  5 15 50 51 65
  5 15 56 57 58
  5 16 17 22 27
  5 16 18 39 43
  5 16 21 29 30
  5 16 23 31 48
  5 16 25 62 65
  5 16 28 36 37
  5 16 33 57 59
  5 16 34 51 60
  5 16 38 52 61
  5 16 40 54 64
  5 16 42 46 56
  5 16 45 50 53
  5 17 18 41 63
  5 17 19 24 60
  5 17 21 23 40
  5 17 25 30 64
  5 17 26 37 53
  5 17 29 31 65
  5 17 32 52 55
  5 17 33 49 56
  5 17 42 44 58
  5 17 48 54 62
  5 18 19 49 50
  5 18 20 27 47
  5 18 21 36 51
  5 18 23 45 58
  5 18 24 35 64
  5 18 28 34 59
  5 18 29 37 57
  5 18 30 33 60
  5 18 31 32 53
  5 18 46 52 65
  5 19 20 37 40
  5 19 22 51 52
  5 19 25 33 35
  5 19 31 39 58
  5 19 34 38 55
  5 19 36 46 54
  5 19 43 45 48
  5 19 47 57 62
  5 19 56 63 64
  5 20 23 24 59
  5 20 28 46 64
  5 20 29 49 61
  5 20 32 42 54
  5 20 34 45 65
  5 20 35 52 58
  5 20 44 50 62
  5 21 22 54 65
  5 21 25 27 48
  5 21 28 33 43
  5 21 31 62 64
  5 21 34 39 57
  5 21 37 59 60
  5 21 38 58 63
  5 21 47 55 56
  5 22 23 30 62
  5 22 25 31 40
  5 22 29 48 64
  5 22 44 56 59
  5 22 55 60 61
  5 23 25 29 54
  5 23 27 64 65
  5 23 28 47 52
  5 23 32 43 49
  5 23 34 35 46
  5 23 36 38 44
  5 23 41 42 51
  5 24 25 41 49
  5 24 27 34 52
  5 24 28 58 65
  5 24 30 50 56
  5 24 32 51 61
  5 24 45 46 47
  5 25 34 44 53
  5 25 42 43 61
  5 25 50 60 63
  5 26 29 52 63
  5 26 30 58 61
  5 26 31 41 46
  5 26 32 57 65
  5 26 43 44 64
  5 26 48 51 56
  5 27 28 35 45
  5 27 29 40 62
  5 27 30 31 54
  5 27 32 38 60
  5 27 44 49 57
  5 27 46 58 59
  5 28 29 39 60
  5 28 30 51 57
  5 28 32 40 56
  5 29 33 34 36
  5 29 43 51 59
  5 29 46 53 55
  5 30 34 37 43
  5 30 35 49 63
  5 30 36 39 59
  5 30 40 48 65
  5 30 42 47 53
  5 31 55 57 63
  5 32 37 46 63
  5 32 48 50 58
  5 33 37 39 51
  5 33 38 53 54
  5 33 41 50 64
  5 34 47 58 64
  5 35 41 56 60
  5 35 44 54 55
  5 35 47 59 65
  5 36 40 42 63
  5 36 43 57 60
  5 37 41 55 65
  5 37 44 47 61
  5 38 39 56 62
  5 38 40 41 45
  5 39 48 49 53
  5 40 50 57 61
  5 41 52 53 57
  5 41 54 59 61
  5 44 45 51 63
  5 45 52 59 64
  6  7  8 21 35
  6  7  9 46 49
  6  7 10 13 34
  6  7 11 30 56
  6  7 12 39 50
  6  7 14 40 41
  6  7 15 24 45
  6  7 16 42 52
  6  7 17 28 63
  6  7 18 58 59
  6  7 19 26 33
  6  7 22 25 38
  6  7 23 32 51
  6  7 27 47 48
  6  7 29 54 61
  6  7 43 55 60
  6  7 53 57 62
  6  8  9 14 25
  6  8 10 12 28
  6  8 11 23 31
  6  8 13 24 63
  6  8 15 17 39
  6  8 16 18 64
  6  8 19 37 62
  6  8 20 33 43
  6  8 22 29 40
  6  8 26 57 60
  6  8 27 36 58
  6  8 34 45 50
  6  8 38 46 54
  6  8 41 49 61
  6  8 42 48 59
  6  8 51 56 65
  6  9 10 23 59
  6  9 11 12 33
  6  9 13 58 62
  6  9 18 32 57
  6  9 19 30 36
  6  9 20 31 42
  6  9 21 40 54
  6  9 22 35 61
  6  9 24 37 44
  6  9 26 39 64
  6  9 28 43 48
  6  9 29 38 41
  6  9 34 51 53
  6  9 47 55 65
  6 10 11 20 48
  6 10 14 33 42
  6 10 15 50 63
  6 10 17 35 45
  6 10 18 49 53
  6 10 21 24 39
  6 10 22 36 60
  6 10 25 31 43
  6 10 26 40 65
  6 10 27 29 56
  6 10 32 46 62
  6 10 37 47 54
  6 10 44 55 64
  6 10 51 57 58
  6 11 13 47 61
  6 11 14 43 59
  6 11 15 55 58
  6 11 16 22 62
  6 11 17 38 53
  6 11 18 40 45
  6 11 19 50 64
  6 11 24 41 60
  6 11 25 28 42
  6 11 29 34 37
  6 11 36 39 46
  6 11 52 57 63
  6 12 13 15 35
  6 12 14 31 48
  6 12 16 55 61
  6 12 17 24 34
  6 12 20 25 59
  6 12 21 45 63
  6 12 22 58 65
  6 12 23 42 43
  6 12 26 36 56
  6 12 27 40 57
  6 12 29 51 60
  6 12 30 49 64
  6 12 32 52 54
  6 12 41 44 53
  6 13 16 33 65
  6 13 17 21 50
  6 13 18 46 51
  6 13 20 54 56
  6 13 23 49 57
  6 13 25 36 44
  6 13 26 41 52
  6 13 27 30 37
  6 13 28 39 45
  6 13 32 53 59
  6 13 38 43 64
  6 14 15 18 60
  6 14 17 32 64
  6 14 20 23 28
  6 14 21 38 61
  6 14 22 49 54
  6 14 24 30 58
  6 14 27 44 62
  6 14 29 35 46
  6 14 34 52 65
  6 14 36 37 63
  6 14 45 55 56
  6 14 47 50 53
  6 15 19 48 51
  6 15 20 44 52
  6 15 21 28 34
  6 15 22 33 47
  6 15 23 27 38
  6 15 25 26 32
  6 15 30 40 43
  6 15 36 53 54
  6 15 37 42 49
  6 15 41 56 59
  6 15 61 62 65
  6 16 17 25 57
  6 16 19 34 40
  6 16 20 24 46
  6 16 21 36 48
  6 16 23 29 50
  6 16 28 30 53
  6 16 31 37 45
  6 16 32 39 60
  6 16 35 47 58
  6 16 38 56 63
  6 16 43 51 54
  6 17 19 59 61
  6 17 22 30 52
  6 17 27 46 55
  6 17 29 33 44
  6 17 31 54 58
  6 17 37 41 51
  6 17 42 56 62
  6 17 48 49 65
  6 18 19 29 31
  6 18 20 38 65
  6 18 21 27 52
  6 18 22 37 50
  6 18 23 34 62
  6 18 24 43 56
  6 18 28 44 61
  6 18 30 41 55
  6 18 33 54 63
  6 18 36 42 47
  6 19 20 55 57
  6 19 21 43 53
  6 19 22 23 45
  6 19 24 25 27
  6 19 32 38 47
  6 19 39 49 56
  6 19 41 42 65
  6 19 44 58 63
  6 20 21 60 62
  6 20 26 35 53
  6 20 27 34 61
  6 20 29 30 47
  6 20 32 36 41
  6 20 51 63 64
  6 21 22 41 46
  6 21 23 44 65
  6 21 25 29 49
  6 21 26 37 55
  6 21 47 59 64
  6 22 24 32 48
  6 22 26 27 51
  6 22 28 56 57
  6 22 31 34 64
  6 22 42 53 63
  6 23 24 26 47
  6 23 25 33 48
  6 23 37 40 64
  6 23 39 54 55
  6 23 46 53 58
  6 23 52 60 61
  6 24 28 35 50
  6 24 31 49 52
  6 24 33 38 51
  6 24 40 55 59
  6 24 54 64 65
  6 25 30 62 63
  6 25 35 41 54
  6 25 40 46 61
  6 25 45 47 51
  6 25 52 53 56
  6 26 28 29 58
  6 26 30 46 50
  6 26 31 61 63
  6 26 38 45 48
  6 26 44 54 59
  6 27 28 60 65
  6 27 31 39 53
  6 27 32 33 45
  6 27 35 42 64
  6 28 31 33 59
  6 28 36 40 51
  6 28 38 52 62
  6 29 32 42 55
  6 29 36 57 65
  6 29 39 43 52
  6 29 45 62 64
  6 30 31 32 65
  6 30 34 48 54
  6 30 38 42 57
  6 30 45 59 60
  6 31 36 38 55
  6 31 40 50 62
  6 31 41 47 57
  6 32 34 49 58
  6 32 35 44 56
  6 32 43 50 61
  6 33 35 55 62
  6 33 36 49 50
  6 33 37 53 60
  6 33 46 56 64
  6 34 35 39 63
  6 34 38 44 60
  6 34 46 57 59
  6 35 36 52 59
  6 35 37 43 57
  6 35 38 40 49
  6 37 39 59 65
  6 37 48 56 61
  6 39 40 44 47
  6 39 41 48 62
  6 39 42 51 61
  6 40 56 58 60
  6 41 43 45 58
  6 42 44 45 46
  6 42 50 54 60
  6 43 46 63 65
  6 44 48 50 57
  6 47 49 60 63
  6 48 52 58 64
  6 49 51 59 62
  6 50 51 52 55
  7  8  9 44 47
  7  8 10 27 31
  7  8 11 19 28
  7  8 12 36 62
  7  8 13 48 49
  7  8 14 26 30
  7  8 15 16 65
  7  8 17 40 56
  7  8 18 29 51
  7  8 20 59 61
  7  8 22 39 64
  7  8 23 37 58
  7  8 24 42 43
  7  8 33 41 63
  7  8 38 50 53
  7  9 11 37 65
  7  9 12 14 24
  7  9 13 31 35
  7  9 15 23 39
  7  9 16 28 64
  7  9 17 29 52
  7  9 18 38 60
  7  9 19 22 58
  7  9 20 30 62
  7  9 21 27 34
  7  9 25 33 55
  7  9 26 43 59
  7  9 32 41 45
  7  9 36 42 61
  7  9 40 50 51
  7 10 11 52 59
  7 10 12 16 56
  7 10 14 53 55
  7 10 17 32 65
  7 10 18 39 42
  7 10 21 44 49
  7 10 22 51 63
  7 10 24 33 64
  7 10 26 37 45
  7 10 29 41 43
  7 10 30 50 58
  7 10 35 46 47
  7 10 40 54 62
  7 10 57 60 61
  7 11 12 18 34
  7 11 13 42 50
  7 11 14 21 63
  7 11 15 22 44
  7 11 16 39 58
  7 11 17 26 41
  7 11 23 47 64
  7 11 24 38 54
  7 11 25 31 61
  7 11 32 43 48
  7 11 33 35 40
  7 11 36 51 55
  7 12 13 52 58
  7 12 15 32 40
  7 12 20 43 44
  7 12 22 35 57
  7 12 23 41 49
  7 12 25 53 64
  7 12 26 47 61
  7 12 27 54 65
  7 12 30 42 59
  7 12 37 60 63
  7 12 45 46 51
  7 13 14 29 57
  7 13 16 18 30
  7 13 20 45 64
  7 13 25 51 65
  7 13 27 44 46
  7 13 28 32 38
  7 13 33 36 37
  7 13 39 56 59
  7 13 40 55 61
  7 13 41 60 62
  7 13 43 53 54
  7 14 15 49 51
  7 14 16 25 48
  7 14 17 19 35
  7 14 20 42 47
  7 14 23 45 50
  7 14 27 37 38
  7 14 28 33 56
  7 14 32 39 46
  7 14 34 54 60
  7 14 36 44 59
  7 14 43 61 62
  7 15 17 27 62
  7 15 18 48 57
  7 15 19 37 64
  7 15 20 33 34
  7 15 21 52 55
  7 15 25 29 30
  7 15 28 47 58
  7 15 31 54 56
  7 15 41 46 50
  7 15 53 59 63
  7 16 17 36 54
  7 16 19 23 44
  7 16 20 38 41
  7 16 22 37 47
  7 16 26 51 57
  7 16 31 32 62
  7 16 34 50 59
  7 16 35 45 60
  7 16 46 61 63
  7 17 18 47 53
  7 17 20 39 55
  7 17 21 30 33
  7 17 23 25 34
  7 17 24 57 58
  7 17 44 50 60
  7 17 45 48 59
  7 17 49 61 64
  7 18 19 46 55
  7 18 20 32 35
  7 18 21 37 54
  7 18 22 33 43
  7 18 24 27 63
  7 18 25 26 49
  7 18 28 45 62
  7 18 31 41 64
  7 18 50 52 56
  7 19 21 41 56
  7 19 25 59 60
  7 19 30 40 63
  7 19 31 52 57
  7 19 32 42 53
  7 19 34 36 45
  7 19 38 43 49
  7 19 39 47 65
  7 19 48 50 54
  7 20 21 23 29
  7 20 22 40 48
  7 20 24 26 36
  7 20 25 27 52
  7 20 28 31 60
  7 20 46 53 65
  7 20 51 54 58
  7 21 22 36 53
  7 21 24 60 65
  7 21 25 39 62
  7 21 26 28 40
  7 21 31 46 48
  7 21 32 58 61
  7 21 50 57 64
  7 22 23 28 65
  7 22 24 29 31
  7 22 26 46 60
  7 22 27 41 42
  7 22 45 56 61
  7 22 49 55 59
  7 23 24 40 46
  7 23 26 31 53
  7 23 27 30 55
  7 23 33 52 62
  7 23 35 54 59
  7 23 36 48 60
  7 24 28 48 53
  7 24 30 44 61
  7 24 32 49 50
  7 24 39 41 51
  7 24 47 59 62
  7 25 35 36 50
  7 25 37 40 42
  7 25 43 46 58
  7 25 44 45 54
  7 26 29 48 65
  7 26 35 56 63
  7 26 38 55 58
  7 26 42 44 62
  7 27 28 57 59
  7 27 29 33 39
  7 27 32 36 56
  7 27 43 51 64
  7 27 45 53 58
  7 28 29 36 46
  7 28 30 35 41
  7 28 37 39 44
  7 28 42 49 54
  7 29 32 37 59
  7 29 34 55 62
  7 29 38 44 56
  7 29 40 53 60
  7 29 42 63 64
  7 30 31 38 45
  7 30 32 60 64
  7 30 34 39 52
  7 30 36 43 47
  7 30 49 57 65
  7 31 33 42 51
  7 31 34 47 49
  7 31 36 40 65
  7 31 37 50 55
  7 31 39 43 63
  7 32 33 44 57
  7 33 38 46 59
  7 33 49 58 60
  7 33 50 61 65
  7 34 35 44 48
  7 34 38 63 65
  7 34 40 43 57
  7 34 41 53 61
  7 34 42 56 58
  7 35 37 51 61
  7 35 38 62 64
  7 35 42 55 65
  7 36 38 39 57
  7 36 49 52 63
  7 37 41 48 52
  7 37 46 56 57
  7 38 40 47 52
  7 39 40 45 49
  7 41 54 55 57
  7 43 45 52 65
  7 44 51 52 53
  7 44 58 64 65
  7 45 47 57 63
  7 46 52 54 64
  7 47 51 56 60
  7 48 55 56 64
  7 48 58 62 63
  8  9 10 32 61
  8  9 11 24 55
  8  9 12 49 65
  8  9 13 16 53
  8  9 15 38 62
  8  9 17 19 43
  8  9 18 23 63
  8  9 20 39 54
  8  9 21 26 52
  8  9 22 27 59
  8  9 29 34 58
  8  9 33 37 46
  8  9 36 48 50
  8  9 40 42 45
  8 10 11 36 37
  8 10 15 26 42
  8 10 16 34 43
  8 10 17 53 57
  8 10 18 45 52
  8 10 19 35 58
  8 10 20 47 64
  8 10 21 23 62
  8 10 22 44 54
  8 10 24 30 46
  8 10 25 41 56
  8 10 38 40 63
  8 10 48 55 60
  8 11 12 21 58
  8 11 13 25 64
  8 11 14 18 53
  8 11 17 44 45
  8 11 20 26 29
  8 11 27 35 62
  8 11 30 50 61
  8 11 32 33 60
  8 11 34 39 49
  8 11 38 51 59
  8 11 42 47 56
  8 11 52 54 65
  8 12 13 38 44
  8 12 15 48 53
  8 12 16 47 50
  8 12 17 59 60
  8 12 19 23 27
  8 12 20 34 52
  8 12 22 30 63
  8 12 24 29 54
  8 12 25 32 51
  8 12 26 39 55
  8 12 31 35 37
  8 12 33 45 64
  8 13 15 36 47
  8 13 17 32 58
  8 13 18 31 55
  8 13 19 34 57
  8 13 20 41 42
  8 13 21 33 59
  8 13 22 28 46
  8 13 26 37 56
  8 13 30 40 54
  8 13 35 43 61
  8 13 45 51 60
  8 13 50 62 65
  8 14 15 43 46
  8 14 16 24 31
  8 14 17 37 54
  8 14 19 20 38
  8 14 22 36 45
  8 14 27 34 42
  8 14 28 51 61
  8 14 29 50 59
  8 14 32 49 56
  8 14 33 39 62
  8 14 35 47 60
  8 14 40 48 58
  8 14 44 52 57
  8 14 55 63 64
  8 15 18 21 40
  8 15 19 33 54
  8 15 20 25 37
  8 15 22 35 51
  8 15 23 45 61
  8 15 29 56 64
  8 15 30 31 34
  8 15 32 52 63
  8 15 44 49 50
  8 15 55 57 59
  8 16 17 29 35
  8 16 21 22 56
  8 16 23 25 55
  8 16 26 27 46
  8 16 28 33 52
  8 16 36 38 49
  8 16 39 40 51
  8 16 41 54 60
  8 16 44 48 62
  8 16 57 58 61
  8 17 18 22 65
  8 17 20 46 62
  8 17 21 51 64
  8 17 23 30 49
  8 17 25 33 38
  8 17 28 42 55
  8 17 31 41 50
  8 18 19 30 59
  8 18 20 28 50
  8 18 26 38 61
  8 18 27 49 60
  8 18 32 42 62
  8 18 33 34 47
  8 18 35 39 56
  8 18 36 54 57
  8 18 41 46 58
  8 19 21 31 36
  8 19 24 45 56
  8 19 25 39 46
  8 19 26 50 51
  8 19 29 53 61
  8 19 40 47 55
  8 19 60 63 65
  8 20 21 24 49
  8 20 22 31 32
  8 20 30 51 53
  8 20 35 48 63
  8 20 55 58 65
  8 21 25 44 60
  8 21 27 28 37
  8 21 29 39 65
  8 21 30 47 57
  8 21 32 38 45
  8 21 34 54 55
  8 21 41 43 48
  8 21 42 61 63
  8 22 23 43 60
  8 22 25 34 48
  8 22 37 52 53
  8 22 41 55 62
  8 22 42 50 58
  8 23 24 53 64
  8 23 26 32 40
  8 23 28 35 36
  8 23 34 41 44
  8 23 38 42 52
  8 23 46 47 51
  8 23 48 54 56
  8 24 26 34 65
  8 24 28 40 44
  8 24 33 48 61
  8 24 35 41 59
  8 24 37 50 60
  8 24 39 52 58
  8 24 51 57 62
  8 25 27 40 50
  8 25 29 36 42
  8 25 30 35 52
  8 25 31 53 63
  8 25 43 54 62
  8 25 45 58 59
  8 26 28 53 59
  8 26 36 41 64
  8 26 45 62 63
  8 26 49 54 58
  8 27 29 45 48
  8 27 30 43 65
  8 27 32 39 47
  8 27 33 53 56
  8 27 38 41 57
  8 27 54 61 64
  8 28 29 30 38
  8 28 31 58 62
  8 28 32 41 65
  8 28 39 48 57
  8 28 43 45 47
  8 29 32 43 57
  8 29 37 41 47
  8 29 44 46 63
  8 29 49 52 55
  8 30 32 37 48
  8 30 33 36 55
  8 30 39 41 45
  8 31 33 40 57
  8 31 39 44 61
  8 31 42 46 65
  8 31 47 54 59
  8 31 48 51 52
  8 32 34 35 53
  8 32 44 59 64
  8 32 46 50 55
  8 33 35 42 49
  8 33 44 51 58
  8 34 36 40 59
  8 34 37 51 63
  8 34 56 60 62
  8 35 40 64 65
  8 36 44 53 65
  8 36 46 60 61
  8 37 38 39 43
  8 37 45 57 65
  8 38 47 48 65
  8 38 58 60 64
  8 39 42 53 60
  8 40 52 61 62
  8 43 44 55 56
  8 43 49 59 63
  8 43 50 52 64
  8 46 49 57 64
  8 46 52 56 59
  8 47 49 53 62
  8 50 56 57 63
  9 10 11 19 38
  9 10 12 21 30
  9 10 14 27 57
  9 10 15 43 64
  9 10 16 26 49
  9 10 17 31 55
  9 10 25 35 63
  9 10 28 39 46
  9 10 29 33 54
  9 10 36 40 41
  9 10 37 56 58
  9 10 42 47 51
  9 10 44 45 50
  9 10 53 60 65
  9 11 13 27 39
  9 11 14 46 47
  9 11 15 31 32
  9 11 16 20 50
  9 11 17 62 64
  9 11 21 23 41
  9 11 22 48 53
  9 11 25 44 49
  9 11 28 51 52
  9 11 29 30 40
  9 11 34 35 45
  9 11 36 54 59
  9 12 13 26 60
  9 12 15 42 56
  9 12 18 31 50
  9 12 19 41 54
  9 12 22 28 45
  9 12 23 29 36
  9 12 25 37 47
  9 12 35 43 51
  9 12 38 40 59
  9 12 44 46 55
  9 12 52 53 61
  9 12 58 63 64
  9 13 14 38 51
  9 13 15 34 41
  9 13 17 33 63
  9 13 18 40 43
  9 13 19 42 46
  9 13 20 22 36
  9 13 21 32 65
  9 13 23 37 45
  9 13 24 50 59
  9 13 28 47 57
  9 13 30 49 61
  9 13 48 54 55
  9 14 15 29 53
  9 14 16 41 58
  9 14 17 36 56
  9 14 18 35 59
  9 14 22 32 63
  9 14 26 31 40
  9 14 33 44 65
  9 14 37 49 55
  9 14 39 42 52
  9 14 43 50 60
  9 14 45 54 64
  9 15 17 24 61
  9 15 21 35 37
  9 15 25 51 58
  9 15 26 46 48
  9 15 27 45 65
  9 15 28 49 59
  9 15 30 47 63
  9 15 33 50 57
  9 15 44 54 60
  9 16 17 37 40
  9 16 18 33 42
  9 16 19 45 63
  9 16 21 60 61
  9 16 22 24 54
  9 16 23 43 46
  9 16 25 34 38
  9 16 27 36 55
  9 16 29 51 62
  9 16 30 52 65
  9 16 31 56 57
  9 16 39 48 59
  9 17 18 45 46
  9 17 20 51 65
  9 17 21 22 44
  9 17 23 42 53
  9 17 26 27 58
  9 17 28 30 50
  9 17 34 47 59
  9 17 41 49 57
  9 18 19 37 53
  9 18 21 28 55
  9 18 24 26 51
  9 18 25 27 61
  9 18 30 39 44
  9 18 34 36 64
  9 18 47 54 62
  9 18 48 58 65
  9 19 20 35 49
  9 19 21 29 59
  9 19 23 33 40
  9 19 24 32 64
  9 19 26 34 44
  9 19 27 47 52
  9 19 31 61 62
  9 19 39 51 57
  9 19 48 56 60
  9 20 23 47 60
  9 20 24 27 48
  9 20 25 26 45
  9 20 28 29 37
  9 20 32 33 56
  9 20 38 44 63
  9 20 40 52 64
  9 20 46 58 61
  9 20 53 55 59
  9 21 25 42 64
  9 21 31 39 45
  9 21 33 36 38
  9 21 43 47 58
  9 21 48 57 62
  9 21 51 56 63
  9 22 23 25 57
  9 22 26 29 47
  9 22 30 31 46
  9 22 34 43 52
  9 22 38 56 65
  9 22 39 50 55
  9 22 42 49 62
  9 23 24 52 56
  9 23 27 32 35
  9 23 30 38 54
  9 23 31 34 65
  9 23 48 49 64
  9 24 25 46 65
  9 24 28 41 63
  9 24 30 34 57
  9 24 31 38 43
  9 24 33 47 49
  9 24 35 40 60
  9 24 36 39 53
  9 25 28 36 60
  9 25 30 43 56
  9 25 31 52 54
  9 25 41 53 62
  9 26 30 32 53
  9 26 35 38 50
  9 26 36 37 57
  9 26 41 55 56
  9 27 28 38 42
  9 27 29 43 44
  9 27 31 37 41
  9 27 33 60 64
  9 27 40 49 56
  9 27 50 53 54
  9 28 32 54 58
  9 28 33 34 61
  9 28 40 62 65
  9 29 31 48 63
  9 29 39 56 61
  9 29 45 57 60
  9 29 50 64 65
  9 30 33 41 59
  9 30 35 42 58
  9 30 37 51 64
  9 31 36 49 58
  9 31 51 59 60
  9 32 34 37 39
  9 32 36 44 51
  9 32 40 47 48
  9 32 43 55 62
  9 32 49 52 60
  9 33 35 48 52
  9 33 43 45 53
  9 34 42 55 60
  9 34 46 54 56
  9 34 49 50 63
  9 35 36 46 62
  9 35 39 41 65
  9 35 47 56 64
  9 37 42 43 63
  9 37 50 52 62
  9 38 46 52 57
  9 38 55 61 64
  9 39 60 62 63
  9 40 46 53 63
  9 40 55 57 58
  9 41 42 44 48
  9 41 47 50 61
  9 43 54 57 65
  9 44 52 58 59
  9 44 53 57 64
  9 45 48 51 61
  9 45 56 59 62
  9 57 59 61 63
 10 11 12 22 64
 10 11 15 18 27
 10 11 16 17 33
 10 11 21 43 57
 10 11 24 51 65
 10 11 25 40 58
 10 11 26 31 39
 10 11 28 54 55
 10 11 29 46 49
 10 11 32 56 63
 10 11 35 41 61
 10 11 44 47 60
 10 11 50 53 62
 10 12 13 31 41
 10 12 14 15 38
 10 12 17 51 52
 10 12 18 19 57
 10 12 20 54 60
 10 12 24 32 59
 10 12 25 29 34
 10 12 33 63 65
 10 12 36 47 55
 10 12 37 44 48
 10 12 39 61 62
 10 12 45 49 58
 10 13 14 24 49
 10 13 15 58 60
 10 13 16 25 27
 10 13 17 40 47
 10 13 18 33 44
 10 13 19 23 48
 10 13 20 38 59
 10 13 21 42 55
 10 13 22 50 61
 10 13 26 35 62
 10 13 28 43 56
 10 13 30 36 51
 10 13 32 45 54
 10 13 37 46 65
 10 13 39 53 64
 10 14 17 48 61
 10 14 18 21 64
 10 14 19 22 43
 10 14 20 41 45
 10 14 23 47 56
 10 14 25 52 62
 10 14 28 40 50
 10 14 29 37 51
 10 14 31 32 60
 10 14 34 39 44
 10 14 54 58 59
 10 15 17 25 44
 10 15 20 32 49
 10 15 22 30 57
 10 15 23 35 55
 10 15 24 41 54
 10 15 29 48 62
 10 15 31 45 59
 10 15 34 51 61
 10 15 37 39 52
 10 15 46 53 56
 10 16 18 40 60
 10 16 19 39 54
 10 16 20 42 61
 10 16 21 37 50
 10 16 22 59 65
 10 16 23 36 53
 10 16 24 52 63
 10 16 28 29 31
 10 16 30 45 48
 10 16 32 51 64
 10 16 38 46 55
 10 17 19 28 49
 10 17 22 24 56
 10 17 23 43 50
 10 17 26 46 54
 10 17 29 38 39
 10 17 30 41 42
 10 17 34 37 62
 10 17 59 63 64
 10 18 20 56 62
 10 18 23 41 65
 10 18 24 34 55
 10 18 26 36 59
 10 18 28 35 51
 10 18 29 32 50
 10 18 30 38 43
 10 18 46 48 63
 10 19 24 47 50
 10 19 25 32 36
 10 19 26 29 55
 10 19 27 30 64
 10 19 31 33 46
 10 19 37 41 63
 10 19 40 56 61
 10 19 42 60 62
 10 19 45 51 53
 10 20 21 25 65
 10 20 22 37 55
 10 20 24 31 58
 10 20 26 43 51
 10 20 27 46 50
 10 20 28 36 44
 10 20 29 53 63
 10 20 30 33 35
 10 20 39 40 57
 10 21 22 27 38
 10 21 26 48 58
 10 21 29 35 60
 10 21 31 40 51
 10 21 33 34 53
 10 21 41 47 52
 10 21 46 59 61
 10 22 23 40 49
 10 22 25 42 46
 10 22 26 41 53
 10 22 28 47 48
 10 22 32 33 52
 10 23 24 28 61
 10 23 25 45 64
 10 23 27 51 54
 10 23 29 42 58
 10 23 30 32 39
 10 23 31 44 63
 10 23 33 37 57
 10 24 25 26 57
 10 24 38 45 60
 10 24 40 43 48
 10 24 42 44 53
 10 25 30 53 54
 10 25 37 38 61
 10 25 39 48 51
 10 25 50 55 59
 10 26 28 33 38
 10 26 30 44 56
 10 26 32 34 47
 10 27 28 34 41
 10 27 32 48 53
 10 27 33 47 58
 10 27 36 39 45
 10 27 37 42 59
 10 27 49 62 63
 10 27 55 61 65
 10 28 30 59 62
 10 28 37 60 64
 10 28 52 53 58
 10 29 44 52 61
 10 29 47 57 59
 10 30 34 60 63
 10 30 40 52 55
 10 31 35 50 64
 10 31 36 42 52
 10 31 38 49 54
 10 31 48 57 65
 10 32 35 37 40
 10 32 38 41 58
 10 33 36 43 62
 10 33 39 49 55
 10 33 51 56 59
 10 34 35 54 65
 10 34 36 50 57
 10 34 38 48 52
 10 34 40 45 46
 10 34 42 49 64
 10 35 36 38 56
 10 35 43 44 59
 10 35 49 52 57
 10 36 48 54 64
 10 36 58 61 63
 10 38 42 50 65
 10 38 44 51 62
 10 39 43 58 65
 10 41 44 46 57
 10 41 49 59 60
 10 42 54 56 57
 10 43 45 55 63
 10 43 46 52 60
 10 43 47 49 61
 10 45 47 62 65
 10 48 49 50 56
 10 52 56 64 65
 11 12 13 36 43
 11 12 15 23 60
 11 12 16 19 53
 11 12 17 48 50
 11 12 20 38 62
 11 12 26 42 51
 11 12 27 47 59
 11 12 28 49 63
 11 12 29 35 56
 11 12 30 45 65
 11 12 32 41 55
 11 12 46 54 61
 11 13 14 33 54
 11 13 15 38 63
 11 13 17 34 55
 11 13 18 26 32
 11 13 19 31 56
 11 13 20 60 65
 11 13 21 22 40
 11 13 23 28 30
 11 13 24 35 44
 11 13 29 52 53
 11 13 37 57 58
 11 13 41 48 51
 11 13 45 49 62
 11 14 15 35 50
 11 14 16 28 34
 11 14 19 49 58
 11 14 20 32 52
 11 14 22 24 42
 11 14 25 29 60
 11 14 26 64 65
 11 14 27 36 61
 11 14 31 45 51
 11 14 37 41 62
 11 14 38 40 44
 11 14 48 56 57
 11 15 16 46 51
 11 15 17 29 57
 11 15 20 28 45
 11 15 21 24 33
 11 15 30 36 62
 11 15 34 47 52
 11 15 37 53 61
 11 15 40 42 54
 11 15 43 49 65
 11 16 18 21 49
 11 16 24 29 43
 11 16 25 41 59
 11 16 26 40 61
 11 16 27 57 65
 11 16 31 35 52
 11 16 32 45 47
 11 16 36 44 56
 11 16 37 42 60
 11 16 38 48 64
 11 17 18 43 51
 11 17 19 20 22
 11 17 21 46 65
 11 17 24 27 49
 11 17 25 35 39
 11 17 31 40 59
 11 17 32 36 42
 11 17 37 47 63
 11 17 52 58 61
 11 18 19 39 63
 11 18 20 25 54
 11 18 23 44 59
 11 18 24 46 57
 11 18 29 33 65
 11 18 30 35 37
 11 18 36 41 50
 11 18 42 48 55
 11 18 52 60 64
 11 19 23 42 61
 11 19 24 36 52
 11 19 25 30 47
 11 19 33 48 62
 11 19 37 51 54
 11 19 40 46 60
 11 19 41 45 57
 11 19 55 59 65
 11 20 21 56 59
 11 20 23 36 49
 11 20 27 42 58
 11 20 30 43 63
 11 20 31 34 46
 11 20 33 53 64
 11 20 35 47 51
 11 21 26 47 62
 11 21 27 29 51
 11 21 28 39 53
 11 21 30 48 52
 11 21 31 55 60
 11 21 35 38 42
 11 21 44 50 54
 11 22 23 27 52
 11 22 25 37 43
 11 22 28 29 41
 11 22 30 39 51
 11 22 32 49 61
 11 22 33 38 50
 11 22 34 59 60
 11 22 35 54 63
 11 22 46 55 56
 11 23 24 32 58
 11 23 25 50 56
 11 23 26 37 46
 11 23 29 39 48
 11 23 38 43 45
 11 23 40 51 53
 11 23 62 63 65
 11 24 25 34 62
 11 24 28 37 59
 11 24 39 45 64
 11 24 40 50 63
 11 25 26 33 52
 11 25 27 45 55
 11 25 32 53 65
 11 26 27 38 56
 11 26 28 44 57
 11 26 34 36 48
 11 26 35 58 59
 11 26 43 50 55
 11 26 53 54 60
 11 27 28 40 48
 11 27 30 41 53
 11 27 33 43 46
 11 27 34 44 64
 11 28 31 47 50
 11 28 32 35 46
 11 28 36 38 65
 11 28 43 60 62
 11 28 56 61 64
 11 29 32 54 64
 11 29 38 47 58
 11 29 42 59 62
 11 29 55 61 63
 11 30 31 42 64
 11 30 32 57 59
 11 30 38 49 60
 11 30 44 46 58
 11 31 33 41 58
 11 31 37 48 49
 11 31 43 44 53
 11 31 54 57 62
 11 32 34 50 51
 11 33 37 45 56
 11 33 39 59 61
 11 33 42 44 63
 11 33 49 51 57
 11 34 38 57 61
 11 34 40 56 65
 11 34 41 42 43
 11 34 53 58 63
 11 35 49 55 64
 11 36 40 57 64
 11 36 45 60 63
 11 37 38 52 55
 11 39 40 41 52
 11 39 43 47 54
 11 39 44 55 62
 11 39 50 57 60
 11 41 46 63 64
 11 41 49 54 56
 11 44 48 61 65
 11 45 46 50 52
 11 45 48 54 58
 11 47 53 55 57
 11 51 56 58 62
 12 13 14 37 53
 12 13 17 46 49
 12 13 18 20 21
 12 13 22 27 32
 12 13 23 51 56
 12 13 24 47 64
 12 13 25 61 63
 12 13 29 33 42
 12 13 39 40 65
 12 13 50 54 57
 12 14 16 30 40
 12 14 17 18 33
 12 14 19 36 65
 12 14 20 22 46
 12 14 21 32 42
 12 14 23 54 62
 12 14 25 26 58
 12 14 27 29 49
 12 14 28 35 44
 12 14 47 52 63
 12 14 51 55 57
 12 14 60 61 64
 12 15 16 21 59
 12 15 17 19 47
 12 15 18 55 63
 12 15 22 39 54
 12 15 26 29 43
 12 15 27 50 58
 12 15 28 37 41
 12 15 33 36 51
 12 15 46 62 64
 12 15 52 57 65
 12 16 17 23 58
 12 16 18 25 35
 12 16 24 38 42
 12 16 26 28 62
 12 16 27 48 60
 12 16 29 57 64
 12 16 31 49 51
 12 16 33 44 54
 12 16 37 43 65
 12 16 41 46 52
 12 17 20 29 32
 12 17 21 27 53
 12 17 22 37 42
 12 17 25 28 54
 12 17 26 40 44
 12 17 30 35 62
 12 17 36 57 63
 12 17 38 55 65
 12 17 41 45 56
 12 18 22 29 53
 12 18 23 28 40
 12 18 24 39 48
 12 18 26 30 54
 12 18 27 42 46
 12 18 32 37 49
 12 18 36 38 52
 12 18 44 58 62
 12 18 45 59 61
 12 18 47 51 65
 12 19 20 26 31
 12 19 21 50 60
 12 19 22 25 56
 12 19 24 49 62
 12 19 32 44 61
 12 19 33 52 55
 12 19 34 35 64
 12 19 37 39 45
 12 19 38 51 63
 12 19 48 58 59
 12 20 23 39 64
 12 20 24 28 51
 12 20 27 33 37
 12 20 30 41 50
 12 20 35 45 55
 12 20 42 49 53
 12 20 48 56 65
 12 21 22 33 49
 12 21 23 47 48
 12 21 24 40 56
 12 21 26 41 57
 12 21 28 64 65
 12 21 29 37 46
 12 21 34 36 44
 12 21 43 52 62
 12 22 23 38 61
 12 22 24 43 55
 12 22 31 36 59
 12 22 40 50 52
 12 23 25 30 44
 12 23 26 33 35
 12 23 31 45 52
 12 23 34 37 55
 12 23 50 53 59
 12 24 25 52 60
 12 24 26 53 63
 12 24 27 36 41
 12 24 37 58 61
 12 24 44 45 57
 12 25 33 40 62
 12 25 36 46 48
 12 25 39 41 42
 12 25 43 49 50
 12 26 27 34 45
 12 26 37 52 64
 12 26 46 59 65
 12 27 30 51 61
 12 27 31 55 64
 12 27 35 39 52
 12 27 44 56 63
 12 28 29 52 59
 12 28 30 33 58
 12 28 31 38 53
 12 28 32 34 60
 12 28 36 50 61
 12 28 39 47 56
 12 28 43 46 57
 12 29 30 48 55
 12 29 31 40 61
 12 29 38 45 50
 12 29 41 62 65
 12 30 31 57 60
 12 30 32 38 56
 12 30 34 46 47
 12 30 39 43 53
 12 31 32 43 47
 12 31 33 34 39
 12 31 42 62 63
 12 31 46 56 58
 12 32 33 46 53
 12 32 35 50 65
 12 32 39 57 58
 12 32 45 48 62
 12 33 38 47 57
 12 33 43 56 60
 12 34 38 43 58
 12 34 40 41 63
 12 34 42 61 65
 12 34 51 54 59
 12 34 53 56 57
 12 35 36 42 60
 12 35 38 41 48
 12 35 40 54 58
 12 36 40 45 53
 12 37 57 59 62
 12 38 39 46 60
 12 39 44 49 59
 12 40 48 51 64
 12 40 49 55 60
 12 41 43 59 64
 12 42 44 50 64
 12 42 45 47 54
 12 43 48 54 63
 12 47 53 58 60
 12 48 49 57 61
 12 50 55 56 62
 13 14 15 27 55
 13 14 16 56 60
 13 14 17 39 41
 13 14 21 25 28
 13 14 22 30 59
 13 14 26 44 45
 13 14 31 47 65
 13 14 34 48 63
 13 14 36 50 52
 13 14 40 46 64
 13 14 42 43 58
 13 15 16 28 42
 13 15 17 51 54
 13 15 18 23 50
 13 15 19 22 53
 13 15 20 46 57
 13 15 21 49 56
 13 15 24 25 43
 13 15 29 40 45
 13 15 31 52 62
 13 15 33 39 48
 13 15 44 61 64
 13 16 17 59 62
 13 16 19 20 47
 13 16 21 24 58
 13 16 22 41 57
 13 16 23 26 38
 13 16 31 54 61
 13 16 32 50 63
 13 16 34 36 46
 13 16 35 40 48
 13 16 37 44 51
 13 16 43 49 55
 13 17 18 56 57
 13 17 19 25 26
 13 17 20 23 35
 13 17 24 53 65
 13 17 27 38 48
 13 17 28 44 52
 13 17 29 30 60
 13 17 31 37 64
 13 18 19 58 64
 13 18 22 39 60
 13 18 25 34 37
 13 18 27 36 65
 13 18 29 41 59
 13 18 35 49 54
 13 18 48 53 61
 13 19 21 45 52
 13 19 27 35 59
 13 19 28 36 41
 13 19 29 49 63
 13 19 32 37 55
 13 19 33 60 61
 13 19 38 40 62
 13 19 39 44 50
 13 20 24 30 52
 13 20 25 48 62
 13 20 26 27 40
 13 20 28 34 53
 13 20 29 44 55
 13 20 32 39 43
 13 20 49 50 51
 13 21 23 46 54
 13 21 26 36 39
 13 21 27 43 60
 13 21 29 31 38
 13 21 35 51 57
 13 21 53 62 63
 13 22 23 33 64
 13 22 26 43 65
 13 22 29 56 62
 13 22 31 45 63
 13 22 34 42 47
 13 22 38 49 52
 13 22 44 48 58
 13 23 24 29 34
 13 23 25 40 59
 13 23 27 47 62
 13 23 39 58 61
 13 23 44 53 60
 13 23 52 55 65
 13 24 27 42 56
 13 24 28 55 60
 13 24 31 39 46
 13 24 32 33 62
 13 24 36 38 61
 13 24 37 40 41
 13 25 30 33 46
 13 25 31 32 57
 13 25 35 38 47
 13 25 41 45 50
 13 25 42 49 60
 13 25 55 56 58
 13 26 29 46 61
 13 26 30 42 63
 13 26 31 34 58
 13 26 47 48 59
 13 26 55 57 64
 13 27 28 49 58
 13 27 33 34 51
 13 27 41 54 63
 13 27 45 57 61
 13 28 29 35 65
 13 28 37 61 62
 13 28 54 59 64
 13 29 32 47 51
 13 29 36 54 58
 13 29 37 43 50
 13 30 31 43 48
 13 30 34 44 65
 13 30 35 53 55
 13 30 39 57 62
 13 30 45 47 58
 13 31 40 49 53
 13 31 42 44 59
 13 32 34 56 64
 13 32 36 40 60
 13 32 46 48 52
 13 33 38 41 55
 13 33 43 52 57
 13 33 50 53 58
 13 34 35 52 60
 13 34 38 39 54
 13 34 43 45 59
 13 35 36 63 64
 13 35 46 50 56
 13 36 42 53 57
 13 37 39 47 49
 13 37 42 52 54
 13 38 45 53 56
 13 39 51 55 63
 13 40 52 56 63
 13 41 46 47 53
 13 41 49 64 65
 13 42 45 48 65
 13 42 51 62 64
 13 43 44 47 63
 13 48 50 60 64
 13 51 52 59 61
 13 58 59 63 65
 14 15 17 21 31
 14 15 22 41 65
 14 15 23 58 63
 14 15 24 37 57
 14 15 25 47 59
 14 15 26 56 62
 14 15 28 30 39
 14 15 32 33 61
 14 15 42 48 64
 14 16 17 43 52
 14 16 18 27 45
 14 16 19 55 62
 14 16 20 59 64
 14 16 21 54 57
 14 16 22 53 61
 14 16 23 32 65
 14 16 29 33 63
 14 16 36 42 51
 14 16 38 39 50
 14 17 20 26 34
 14 17 22 25 55
 14 17 27 30 47
 14 17 28 59 65
 14 17 38 42 60
 14 17 45 49 63
 14 17 50 51 58
 14 18 19 44 56
 14 18 20 57 58
 14 18 22 34 51
 14 18 23 37 39
 14 18 24 28 36
 14 18 25 46 50
 14 18 29 43 47
 14 18 31 42 61
 14 18 32 38 48
 14 18 40 49 52
 14 19 21 23 51
 14 19 24 33 59
 14 19 26 27 60
 14 19 29 39 64
 14 19 30 42 54
 14 19 31 50 63
 14 19 32 40 57
 14 19 34 37 47
 14 19 48 52 53
 14 20 24 39 63
 14 20 27 35 54
 14 20 29 31 62
 14 20 30 37 60
 14 20 33 50 55
 14 20 40 53 56
 14 20 44 48 49
 14 21 22 39 47
 14 21 24 46 52
 14 21 27 41 59
 14 21 29 34 56
 14 21 30 55 65
 14 21 33 48 60
 14 21 35 45 58
 14 21 36 40 62
 14 21 37 43 44
 14 22 23 29 44
 14 22 26 50 57
 14 22 27 28 31
 14 22 35 48 62
 14 22 37 56 64
 14 23 26 52 59
 14 23 27 46 48
 14 23 30 36 57
 14 23 31 35 49
 14 23 33 41 53
 14 23 34 43 64
 14 23 40 42 55
 14 24 26 41 48
 14 24 27 51 53
 14 24 29 38 55
 14 24 34 45 61
 14 24 35 56 65
 14 24 50 62 64
 14 25 27 39 65
 14 25 30 31 41
 14 25 32 37 45
 14 25 33 34 57
 14 25 35 43 53
 14 25 36 49 64
 14 25 54 56 63
 14 26 28 32 43
 14 26 33 46 51
 14 26 35 37 42
 14 26 38 47 54
 14 26 39 49 61
 14 27 40 43 63
 14 28 29 48 54
 14 28 41 47 55
 14 28 42 45 53
 14 28 46 49 62
 14 28 57 60 63
 14 29 30 45 52
 14 29 58 61 65
 14 30 32 51 62
 14 30 33 43 49
 14 30 34 35 38
 14 30 46 56 61
 14 31 33 38 64
 14 31 34 36 53
 14 31 39 55 59
 14 31 44 46 54
 14 32 36 54 55
 14 32 44 53 58
 14 33 40 45 47
 14 34 46 55 58
 14 35 41 57 64
 14 35 52 55 61
 14 36 38 41 43
 14 36 39 58 60
 14 37 40 59 61
 14 37 48 50 65
 14 38 45 46 65
 14 38 49 53 57
 14 38 52 56 58
 14 38 59 62 63
 14 39 43 51 56
 14 40 51 54 65
 14 41 42 50 56
 14 41 44 61 63
 14 41 51 52 60
 14 42 57 62 65
 14 44 47 51 64
 14 46 53 59 60
 15 16 17 38 45
 15 16 18 52 53
 15 16 19 25 31
 15 16 20 29 54
 15 16 22 43 50
 15 16 23 24 62
 15 16 27 39 61
 15 16 30 33 64
 15 16 32 48 55
 15 16 34 37 56
 15 16 35 41 49
 15 16 40 57 63
 15 17 20 42 63
 15 17 22 36 48
 15 17 26 49 52
 15 17 28 40 46
 15 17 32 37 50
 15 17 33 35 53
 15 17 34 43 60
 15 17 41 58 64
 15 18 19 24 42
 15 18 22 25 62
 15 18 26 33 41
 15 18 28 31 43
 15 18 29 36 44
 15 18 32 59 65
 15 18 34 39 46
 15 18 35 38 58
 15 18 45 49 64
 15 18 47 56 61
 15 19 20 30 56
 15 19 23 43 52
 15 19 27 40 41
 15 19 28 50 62
 15 19 29 34 65
 15 19 32 46 58
 15 19 35 36 39
 15 19 38 44 59
 15 19 49 57 60
 15 20 21 22 58
 15 20 23 41 48
 15 20 24 47 55
 15 20 26 39 50
 15 20 27 43 59
 15 20 31 64 65
 15 20 38 40 51
 15 21 23 36 64
 15 21 26 27 54
 15 21 29 50 61
 15 21 30 46 60
 15 21 32 53 57
 15 21 44 45 47
 15 21 48 63 65
 15 22 23 31 42
 15 22 24 28 52
 15 22 26 59 61
 15 22 32 56 60
 15 22 34 45 55
 15 23 25 28 53
 15 23 26 34 57
 15 23 29 47 49
 15 23 30 51 59
 15 23 40 44 56
 15 24 29 32 35
 15 24 31 50 53
 15 24 34 44 58
 15 24 36 46 59
 15 24 38 39 65
 15 24 51 60 64
 15 25 27 36 57
 15 25 33 56 65
 15 25 34 54 64
 15 25 39 49 63
 15 25 41 60 61
 15 25 42 50 52
 15 26 30 35 45
 15 26 31 51 55
 15 26 37 44 63
 15 26 38 53 64
 15 26 47 60 65
 15 27 28 32 64
 15 27 30 44 48
 15 27 35 60 63
 15 27 37 46 47
 15 27 51 52 56
 15 28 29 51 63
 15 28 33 44 55
 15 28 38 54 57
 15 29 31 33 37
 15 29 38 42 46
 15 29 39 58 59
 15 30 37 54 65
 15 30 38 41 52
 15 30 42 55 61
 15 30 49 53 58
 15 31 35 57 61
 15 31 36 41 63
 15 31 39 40 60
 15 32 34 36 38
 15 32 39 42 44
 15 32 41 47 62
 15 33 45 52 58
 15 33 59 60 62
 15 34 35 42 59
 15 35 44 46 65
 15 35 47 48 54
 15 36 37 43 55
 15 36 40 49 61
 15 36 42 58 65
 15 36 45 50 56
 15 37 40 58 62
 15 37 45 48 60
 15 38 43 48 56
 15 38 50 55 60
 15 39 47 51 53
 15 40 47 50 64
 15 40 48 52 59
 15 40 53 55 65
 15 41 43 44 51
 15 42 43 53 62
 15 42 45 51 57
 15 43 54 58 61
 15 45 46 54 63
 15 49 54 55 62
 16 17 18 50 61
 16 17 20 49 60
 16 17 21 26 42
 16 17 30 32 46
 16 17 31 34 63
 16 17 39 44 53
 16 17 47 55 64
 16 18 19 41 51
 16 18 20 26 37
 16 18 22 38 44
 16 18 23 47 57
 16 18 29 55 58
 16 18 31 46 59
 16 18 32 34 54
 16 18 36 62 63
 16 19 21 35 46
 16 19 22 26 30
 16 19 24 48 65
 16 19 27 29 42
 16 19 33 36 58
 16 19 37 38 57
 16 19 43 60 64
 16 19 49 52 59
 16 20 21 33 40
 16 20 22 23 51
 16 20 25 28 39
 16 20 30 44 57
 16 20 34 48 58
 16 20 35 36 65
 16 20 52 55 56
 16 21 23 28 45
 16 21 25 51 52
 16 21 31 41 53
 16 21 34 47 65
 16 21 44 63 64
 16 22 28 40 55
 16 22 31 58 60
 16 22 32 35 42
 16 22 39 45 52
 16 22 48 49 63
 16 23 27 34 49
 16 23 30 37 41
 16 23 33 39 56
 16 23 35 61 64
 16 24 25 32 44
 16 24 26 45 59
 16 24 27 37 64
 16 24 30 39 49
 16 24 33 34 35
 16 24 36 40 47
 16 24 41 56 61
 16 24 53 57 60
 16 25 26 36 43
 16 25 29 47 61
 16 25 40 45 56
 16 25 46 49 53
 16 25 50 58 64
 16 26 29 32 56
 16 26 33 50 60
 16 26 34 53 55
 16 26 39 63 65
 16 26 41 44 47
 16 26 48 52 54
 16 27 28 47 54
 16 27 30 35 56
 16 27 33 41 62
 16 27 38 43 53
 16 27 44 50 52
 16 27 51 58 63
 16 28 32 49 57
 16 28 35 43 63
 16 28 38 58 59
 16 28 41 48 50
 16 28 44 46 60
 16 29 36 41 45
 16 29 37 48 53
 16 29 38 60 65
 16 29 40 44 59
 16 30 31 36 50
 16 30 34 61 62
 16 30 38 47 51
 16 30 54 59 63
 16 31 39 42 47
 16 31 44 55 65
 16 32 36 59 61
 16 32 37 52 58
 16 32 40 41 43
 16 33 37 49 61
 16 33 45 51 55
 16 33 46 47 48
 16 34 39 41 64
 16 35 37 39 62
 16 35 50 55 57
 16 35 51 53 59
 16 40 42 49 50
 16 40 46 58 65
 16 41 42 55 63
 16 42 43 48 57
 16 42 45 58 62
 16 42 53 64 65
 16 43 44 45 61
 16 43 47 56 59
 16 45 49 54 65
 16 46 50 54 62
 16 47 52 60 62
 16 49 56 62 64
 16 53 54 56 58
 17 18 19 21 62
 17 18 20 44 64
 17 18 23 48 52
 17 18 24 32 40
 17 18 25 42 59
 17 18 27 31 35
 17 18 28 37 38
 17 18 36 39 49
 17 18 54 55 60
 17 19 23 41 55
 17 19 29 36 37
 17 19 30 31 53
 17 19 32 48 63
 17 19 40 52 54
 17 19 42 50 57
 17 19 44 46 51
 17 19 45 64 65
 17 20 21 43 45
 17 20 27 28 56
 17 20 30 58 59
 17 20 31 38 52
 17 20 36 47 50
 17 20 37 48 57
 17 20 53 54 61
 17 21 24 48 55
 17 21 25 56 61
 17 21 32 41 54
 17 21 34 38 49
 17 21 37 39 58
 17 21 52 60 63
 17 22 23 26 39
 17 22 28 33 60
 17 22 29 50 63
 17 22 32 47 57
 17 22 34 35 41
 17 22 38 54 59
 17 22 40 53 58
 17 22 43 46 64
 17 22 45 51 62
 17 23 24 54 63
 17 23 27 37 44
 17 23 28 31 57
 17 23 29 46 59
 17 23 32 60 62
 17 23 33 51 61
 17 23 38 56 64
 17 24 25 31 36
 17 24 26 29 64
 17 24 30 37 45
 17 24 35 42 51
 17 24 38 46 50
 17 24 39 43 59
 17 24 41 52 62
 17 25 27 32 43
 17 25 29 45 53
 17 25 37 60 65
 17 25 40 49 51
 17 25 46 47 52
 17 26 28 47 51
 17 26 30 36 65
 17 26 31 45 60
 17 26 38 43 63
 17 26 50 56 59
 17 26 57 61 62
 17 27 29 41 61
 17 27 34 50 65
 17 27 36 51 59
 17 27 39 40 42
 17 27 52 57 64
 17 28 32 45 61
 17 28 34 36 58
 17 28 35 48 64
 17 28 41 43 53
 17 29 42 47 48
 17 29 43 54 56
 17 29 49 58 62
 17 30 34 51 56
 17 30 38 40 61
 17 30 43 55 57
 17 31 32 39 51
 17 31 33 47 62
 17 31 42 43 49
 17 31 44 48 56
 17 32 35 49 59
 17 33 34 40 64
 17 33 36 41 46
 17 33 37 55 59
 17 33 39 45 57
 17 33 42 54 65
 17 33 43 48 58
 17 34 42 45 52
 17 34 46 48 53
 17 35 36 40 43
 17 35 37 52 56
 17 35 38 44 57
 17 35 46 58 60
 17 35 61 63 65
 17 36 44 55 61
 17 36 53 60 64
 17 39 46 56 63
 17 39 47 60 61
 17 39 50 54 64
 17 40 41 48 60
 17 40 55 62 63
 17 43 44 62 65
 17 44 47 49 54
 17 47 56 58 65
 17 49 50 53 55
 18 19 25 40 65
 18 19 27 34 48
 18 19 28 47 60
 18 19 36 43 61
 18 19 38 45 54
 18 20 23 43 55
 18 20 24 41 53
 18 20 29 39 45
 18 20 30 34 49
 18 20 31 40 63
 18 20 42 51 52
 18 20 48 59 60
 18 21 22 24 59
 18 21 25 30 32
 18 21 26 34 35
 18 21 33 56 58
 18 21 38 46 47
 18 21 39 41 61
 18 21 43 50 63
 18 21 45 53 60
 18 22 26 28 64
 18 22 27 54 56
 18 22 30 40 42
 18 22 31 49 57
 18 22 35 36 55
 18 22 41 45 48
 18 22 52 58 63
 18 23 24 38 49
 18 23 25 51 60
 18 23 26 27 29
 18 23 30 53 56
 18 23 32 33 36
 18 23 42 54 64
 18 24 29 60 61
 18 24 30 62 65
 18 24 31 44 47
 18 24 33 37 52
 18 24 50 54 58
 18 25 28 41 57
 18 25 29 38 63
 18 25 31 33 45
 18 25 36 53 58
 18 25 43 48 64
 18 25 44 52 55
 18 26 31 48 62
 18 26 39 47 58
 18 26 40 46 56
 18 26 43 45 57
 18 26 44 50 65
 18 27 32 41 44
 18 27 33 50 59
 18 27 37 43 58
 18 27 39 55 57
 18 27 40 53 64
 18 28 29 42 56
 18 28 32 39 52
 18 28 33 48 49
 18 28 46 53 54
 18 29 30 46 64
 18 29 35 52 62
 18 30 31 51 58
 18 30 47 48 50
 18 30 52 57 61
 18 31 36 56 60
 18 31 39 54 65
 18 32 45 51 56
 18 32 47 63 64
 18 33 35 46 61
 18 33 38 39 40
 18 33 57 62 64
 18 34 38 41 56
 18 34 40 58 61
 18 34 42 57 63
 18 34 43 53 65
 18 35 40 41 47
 18 35 42 45 50
 18 35 44 53 63
 18 35 57 60 65
 18 36 37 40 48
 18 37 45 47 55
 18 37 46 60 62
 18 37 56 59 63
 18 37 61 64 65
 18 38 53 55 62
 18 39 50 51 62
 18 41 43 49 62
 18 42 43 44 60
 18 43 52 54 59
 18 44 48 51 54
 18 49 51 61 63
 18 49 55 56 65
 18 51 55 59 64
 19 20 21 27 63
 19 20 23 50 65
 19 20 24 44 54
 19 20 28 43 58
 19 20 29 46 52
 19 20 32 34 62
 19 20 36 51 60
 19 20 41 61 64
 19 20 42 45 59
 19 21 24 28 57
 19 21 25 54 58
 19 21 26 38 65
 19 21 30 37 61
 19 21 32 33 39
 19 21 42 47 49
 19 22 24 37 46
 19 22 27 39 62
 19 22 28 35 38
 19 22 29 54 60
 19 22 33 34 63
 19 22 36 40 44
 19 22 41 50 59
 19 22 42 55 64
 19 22 57 61 65
 19 23 25 37 49
 19 23 26 36 63
 19 23 28 29 32
 19 23 30 34 58
 19 23 31 38 60
 19 23 46 56 62
 19 23 57 59 64
 19 24 26 35 61
 19 24 29 40 51
 19 24 31 34 41
 19 24 53 55 58
 19 25 28 55 63
 19 25 29 41 48
 19 25 34 42 51
 19 25 38 52 64
 19 25 43 44 57
 19 26 28 37 48
 19 26 32 41 49
 19 26 39 42 43
 19 26 40 45 58
 19 26 47 53 56
 19 26 54 62 64
 19 27 28 44 53
 19 27 31 51 65
 19 27 36 38 50
 19 27 43 54 55
 19 27 45 46 49
 19 28 30 46 65
 19 28 33 51 64
 19 28 34 52 56
 19 28 39 40 59
 19 29 30 43 62
 19 29 35 45 47
 19 29 50 56 58
 19 30 32 50 52
 19 30 33 44 45
 19 30 35 48 57
 19 30 39 55 60
 19 31 32 35 54
 19 31 37 43 59
 19 31 40 42 48
 19 31 44 49 64
 19 32 43 56 65
 19 33 38 42 56
 19 33 41 43 47
 19 33 49 53 65
 19 34 43 46 50
 19 34 49 54 61
 19 35 40 50 53
 19 35 41 44 62
 19 35 42 52 63
 19 35 51 55 56
 19 36 48 49 55
 19 36 53 59 62
 19 37 44 52 60
 19 38 39 41 53
 19 38 46 48 61
 19 45 50 55 61
 19 46 47 59 63
 19 47 51 58 61
 19 52 58 62 65
 19 53 54 57 63
 20 21 28 30 42
 20 21 31 37 47
 20 21 32 55 64
 20 21 34 41 51
 20 21 35 39 44
 20 21 36 57 61
 20 21 38 48 54
 20 21 50 52 53
 20 22 24 25 64
 20 22 26 52 62
 20 22 27 30 45
 20 22 28 59 63
 20 22 29 34 38
 20 22 33 41 54
 20 22 35 50 60
 20 22 42 43 56
 20 22 47 49 65
 20 23 25 46 63
 20 23 26 56 61
 20 23 32 44 45
 20 23 33 38 58
 20 23 34 40 54
 20 23 37 42 62
 20 24 29 56 57
 20 24 32 37 65
 20 24 34 42 50
 20 24 40 45 62
 20 25 30 36 40
 20 25 31 49 55
 20 25 32 47 58
 20 25 33 44 61
 20 25 35 42 57
 20 25 38 56 60
 20 26 30 48 64
 20 26 32 38 46
 20 26 33 47 63
 20 26 44 58 60
 20 26 49 57 59
 20 27 32 51 57
 20 27 36 62 64
 20 27 38 39 49
 20 27 41 55 60
 20 28 33 57 65
 20 28 35 40 61
 20 28 41 49 52
 20 29 33 48 51
 20 29 35 43 64
 20 29 40 41 58
 20 30 39 61 65
 20 30 46 54 55
 20 31 36 43 54
 20 31 39 41 56
 20 31 45 53 57
 20 31 48 50 61
 20 32 40 50 59
 20 32 60 61 63
 20 33 36 39 42
 20 33 45 46 60
 20 34 36 55 63
 20 34 37 44 59
 20 34 57 60 64
 20 35 37 41 46
 20 36 37 38 53
 20 36 45 48 52
 20 37 43 52 61
 20 37 45 50 54
 20 37 49 58 64
 20 38 43 50 57
 20 38 45 47 61
 20 39 46 51 59
 20 39 53 58 62
 20 40 42 44 65
 20 40 43 46 49
 20 41 57 62 63
 20 43 47 48 53
 20 44 46 47 56
 20 45 56 58 63
 20 47 52 54 57
 20 51 55 61 62
 20 54 59 62 65
 21 22 23 32 50
 21 22 25 26 63
 21 22 29 55 57
 21 22 31 35 43
 21 22 42 51 60
 21 22 52 61 64
 21 23 24 25 35
 21 23 26 30 43
 21 23 34 59 63
 21 23 39 49 60
 21 23 52 57 58
 21 23 53 55 61
 21 24 27 47 61
 21 24 29 44 62
 21 24 30 31 63
 21 24 32 34 43
 21 24 36 37 42
 21 24 38 41 64
 21 24 45 51 54
 21 25 31 34 50
 21 25 33 37 41
 21 25 40 47 53
 21 25 45 46 57
 21 26 29 33 45
 21 26 31 32 59
 21 26 44 51 61
 21 26 56 60 64
 21 27 30 36 49
 21 27 31 42 57
 21 27 35 40 55
 21 27 39 46 64
 21 27 45 50 62
 21 28 31 49 61
 21 28 35 52 54
 21 28 36 47 63
 21 28 38 50 56
 21 28 44 48 59
 21 28 46 51 58
 21 29 32 36 52
 21 29 40 42 43
 21 29 53 58 64
 21 30 35 50 59
 21 30 38 44 53
 21 30 39 54 56
 21 30 41 58 62
 21 31 33 52 65
 21 32 37 56 62
 21 32 40 44 46
 21 32 48 49 51
 21 33 46 55 63
 21 33 47 50 51
 21 33 54 61 62
 21 34 37 40 52
 21 34 42 46 62
 21 34 45 48 64
 21 35 48 53 56
 21 35 49 62 65
 21 36 43 46 56
 21 36 45 59 65
 21 36 50 55 58
 21 37 49 57 63
 21 37 51 53 65
 21 38 39 52 59
 21 38 40 57 60
 21 38 43 51 55
 21 39 42 48 50
 21 40 41 50 65
 21 40 49 58 59
 21 41 45 49 55
 21 42 44 52 56
 21 42 53 54 59
 21 43 49 54 64
 22 23 35 56 58
 22 23 37 48 59
 22 23 47 55 63
 22 24 27 44 65
 22 24 30 47 60
 22 24 33 36 57
 22 24 34 39 40
 22 24 35 49 53
 22 24 61 62 63
 22 25 27 53 60
 22 25 28 58 61
 22 25 29 32 39
 22 25 35 45 65
 22 25 36 41 51
 22 25 44 47 50
 22 26 31 37 54
 22 26 32 44 55
 22 26 34 49 56
 22 26 36 38 42
 22 27 33 40 61
 22 27 34 37 57
 22 27 36 46 63
 22 27 49 50 64
 22 28 30 32 36
 22 28 34 50 54
 22 28 37 49 51
 22 29 30 37 58
 22 29 33 35 59
 22 29 36 43 49
 22 29 42 52 65
 22 30 33 48 56
 22 30 35 44 64
 22 30 41 43 61
 22 30 50 53 65
 22 31 33 53 55
 22 31 38 39 48
 22 31 41 44 52
 22 31 50 51 56
 22 32 38 40 64
 22 32 43 51 58
 22 32 45 46 59
 22 32 53 54 62
 22 33 37 44 62
 22 33 39 46 65
 22 34 36 62 65
 22 34 44 46 61
 22 36 37 39 61
 22 36 47 52 56
 22 37 40 63 65
 22 38 41 60 63
 22 38 43 47 62
 22 38 45 57 58
 22 38 46 51 53
 22 39 41 49 58
 22 39 44 57 63
 22 40 43 45 54
 22 40 46 57 62
 22 40 47 51 59
 22 42 48 54 61
 22 43 53 57 59
 22 44 45 49 60
 22 45 47 53 64
 22 46 47 54 58
 22 48 51 55 65
 22 48 52 57 60
 22 51 54 57 64
 22 58 59 62 64
 23 24 27 50 57
 23 24 30 42 48
 23 24 31 37 51
 23 24 33 43 44
 23 24 36 45 55
 23 25 26 42 65
 23 25 27 41 58
 23 25 36 61 62
 23 26 41 45 54
 23 26 49 50 62
 23 26 51 58 64
 23 27 28 33 63
 23 27 31 43 61
 23 27 42 45 60
 23 28 34 39 42
 23 28 37 43 54
 23 28 38 41 46
 23 28 44 50 51
 23 28 55 62 64
 23 28 56 59 60
 23 29 31 55 56
 23 29 35 40 63
 23 29 38 57 62
 23 29 41 60 64
 23 29 45 51 65
 23 30 33 47 65
 23 30 40 50 60
 23 30 52 63 64
 23 31 32 46 64
 23 31 33 50 54
 23 31 40 47 58
 23 31 41 59 62
 23 32 34 48 61
 23 32 37 47 53
 23 32 38 55 59
 23 32 41 56 57
 23 33 45 49 59
 23 34 36 51 52
 23 34 38 47 50
 23 35 38 39 51
 23 35 41 50 52
 23 35 42 44 47
 23 35 43 48 65
 23 35 45 53 62
 23 36 37 56 65
 23 36 39 41 47
 23 36 42 46 50
 23 36 43 58 59
 23 37 50 61 63
 23 38 48 53 63
 23 39 40 43 62
 23 39 44 46 52
 23 39 53 57 65
 23 40 45 48 57
 23 42 49 56 63
 23 43 51 57 63
 23 44 49 55 58
 23 44 54 57 61
 23 46 49 61 65
 23 46 55 57 60
 23 49 52 53 54
 23 54 58 60 65
 24 25 29 33 58
 24 25 30 51 55
 24 25 37 48 54
 24 25 38 53 59
 24 25 39 50 61
 24 25 42 45 63
 24 26 27 28 39
 24 26 31 33 56
 24 26 32 42 60
 24 26 37 43 49
 24 26 38 44 52
 24 26 46 55 62
 24 27 29 30 59
 24 27 31 60 62
 24 27 32 46 54
 24 27 38 40 58
 24 28 29 45 49
 24 28 30 43 64
 24 28 33 42 46
 24 28 54 56 62
 24 29 47 63 65
 24 29 48 50 52
 24 30 33 40 53
 24 30 35 36 54
 24 31 35 45 48
 24 31 42 54 55
 24 31 59 61 65
 24 32 38 57 63
 24 32 39 55 56
 24 32 45 52 53
 24 33 39 54 60
 24 33 41 45 65
 24 34 36 49 60
 24 34 47 53 54
 24 34 48 56 59
 24 35 37 55 63
 24 35 39 47 57
 24 35 43 58 62
 24 36 43 50 65
 24 36 48 51 63
 24 36 56 58 64
 24 37 38 47 56
 24 40 42 61 64
 24 40 49 54 57
 24 41 42 47 58
 24 41 44 50 55
 24 42 52 57 59
 24 43 46 53 61
 24 43 47 51 52
 24 44 46 48 64
 24 44 49 51 56
 24 44 59 60 63
 24 46 49 58 63
 25 26 27 31 44
 25 26 30 38 39
 25 26 34 40 60
 25 26 35 46 64
 25 26 37 51 59
 25 26 48 50 53
 25 26 54 55 61
 25 27 28 51 62
 25 27 29 35 37
 25 27 33 49 54
 25 27 34 47 63
 25 27 56 59 64
 25 28 29 44 64
 25 28 30 34 45
 25 28 31 37 46
 25 28 32 33 50
 25 28 38 40 43
 25 28 48 52 65
 25 29 40 52 57
 25 29 43 55 65
 25 29 46 51 56
 25 30 37 50 57
 25 30 48 59 61
 25 31 35 56 62
 25 31 38 42 58
 25 31 47 48 60
 25 32 34 41 46
 25 32 35 55 60
 25 32 38 49 62
 25 32 42 48 56
 25 33 36 59 63
 25 33 39 47 64
 25 34 36 39 56
 25 34 49 59 65
 25 35 48 49 58
 25 36 47 54 65
 25 37 39 53 55
 25 38 41 44 65
 25 38 48 55 57
 25 38 50 51 54
 25 39 43 45 60
 25 39 54 57 59
 25 40 41 55 64
 25 40 44 48 63
 25 41 43 52 63
 25 42 47 55 62
 25 44 46 59 62
 25 45 49 52 61
 25 47 49 56 57
 25 51 53 57 61
 25 57 58 60 62
 25 57 63 64 65
 26 27 30 33 57
 26 27 32 37 61
 26 27 35 41 43
 26 27 42 48 49
 26 27 53 62 65
 26 27 55 59 63
 26 28 30 31 52
 26 28 34 46 63
 26 28 35 49 60
 26 28 41 42 61
 26 28 45 55 65
 26 29 30 34 41
 26 29 31 42 50
 26 29 35 54 57
 26 29 37 38 40
 26 29 44 49 53
 26 30 47 49 55
 26 31 35 36 47
 26 32 35 39 48
 26 32 36 58 62
 26 32 45 50 64
 26 32 51 54 63
 26 33 34 43 54
 26 33 36 53 61
 26 33 37 58 65
 26 33 40 48 55
 26 33 42 59 64
 26 34 39 59 62
 26 34 50 52 61
 26 35 51 52 65
 26 36 40 50 54
 26 36 45 49 51
 26 36 52 55 60
 26 37 39 41 60
 26 39 45 46 53
 26 39 52 56 57
 26 40 41 51 62
 26 40 42 47 57
 26 40 43 52 53
 26 40 49 63 64
 26 41 50 58 63
 26 42 46 52 58
 26 43 48 60 61
 27 28 29 50 55
 27 28 36 43 52
 27 29 31 32 58
 27 29 34 46 60
 27 29 36 47 53
 27 29 38 52 54
 27 30 32 34 40
 27 30 38 46 62
 27 30 39 50 63
 27 30 52 58 60
 27 31 33 36 48
 27 31 34 38 59
 27 31 40 46 52
 27 31 45 47 56
 27 32 42 63 65
 27 32 52 59 62
 27 33 35 38 65
 27 34 54 58 62
 27 35 44 58 61
 27 35 46 53 57
 27 35 48 50 51
 27 36 42 44 54
 27 37 40 45 51
 27 37 48 55 62
 27 37 49 52 65
 27 38 44 47 55
 27 38 45 63 64
 27 39 44 51 60
 27 39 48 56 58
 27 40 54 59 60
 27 41 46 56 65
 27 41 47 49 51
 27 42 43 47 50
 27 42 52 53 55
 27 43 56 57 62
 27 48 52 61 63
 27 49 53 59 61
 27 50 56 60 61
 28 29 33 53 62
 28 29 34 40 47
 28 30 37 55 56
 28 30 54 60 61
 28 31 34 48 55
 28 31 36 39 64
 28 31 40 41 54
 28 31 56 63 65
 28 32 42 47 59
 28 32 44 62 63
 28 32 51 53 55
 28 33 35 37 47
 28 33 36 45 54
 28 34 35 57 62
 28 34 43 44 49
 28 35 39 55 58
 28 36 42 48 62
 28 36 49 53 56
 28 37 40 53 57
 28 37 45 52 63
 28 38 39 61 63
 28 38 47 49 64
 28 38 48 51 60
 28 39 49 50 65
 28 40 42 52 60
 28 41 44 56 58
 28 41 45 51 59
 28 42 43 51 65
 28 42 57 58 64
 28 43 55 59 61
 28 45 46 48 56
 28 45 50 58 60
 28 47 53 61 65
 28 50 53 63 64
 29 30 31 35 39
 29 30 36 56 63
 29 30 42 44 51
 29 30 49 50 54
 29 31 34 44 57
 29 31 43 45 46
 29 31 47 52 64
 29 31 51 53 54
 29 32 34 45 63
 29 32 40 49 65
 29 32 44 48 60
 29 33 38 43 61
 29 33 40 46 50
 29 33 41 52 56
 29 33 47 55 60
 29 34 35 49 51
 29 34 39 50 53
 29 34 59 61 64
 29 35 36 48 61
 29 35 41 42 53
 29 36 38 51 64
 29 36 39 40 55
 29 36 50 60 62
 29 37 42 45 61
 29 37 49 56 60
 29 37 54 62 63
 29 38 48 49 59
 29 39 41 44 54
 29 39 42 49 57
 29 39 46 47 62
 29 41 50 51 57
 29 43 58 60 63
 29 45 54 55 59
 29 46 48 57 58
 29 53 56 59 65
 30 31 37 40 44
 30 31 49 56 59
 30 32 35 47 61
 30 32 42 45 49
 30 32 43 44 54
 30 32 55 58 63
 30 33 37 38 63
 30 33 42 50 62
 30 33 51 52 54
 30 34 50 55 64
 30 35 40 46 51
 30 36 38 48 58
 30 36 41 44 60
 30 36 46 52 53
 30 37 39 42 46
 30 37 47 52 59
 30 38 59 64 65
 30 39 40 58 64
 30 40 47 56 62
 30 41 46 48 49
 30 41 47 54 64
 30 41 51 63 65
 30 42 56 60 65
 30 43 45 50 51
 30 44 49 52 62
 30 45 53 61 63
 30 45 56 57 64
 30 48 53 60 62
 31 32 33 49 63
 31 32 38 44 50
 31 32 40 45 55
 31 32 52 56 61
 31 33 35 44 60
 31 34 37 60 61
 31 34 43 51 62
 31 35 38 46 63
 31 35 53 58 65
 31 36 44 45 62
 31 36 46 51 57
 31 37 38 62 65
 31 37 42 53 56
 31 38 41 51 61
 31 40 43 56 64
 31 41 43 60 65
 31 43 52 55 58
 31 45 58 61 64
 31 46 47 55 61
 31 46 49 50 60
 31 48 53 59 64
 31 50 57 58 59
 31 54 60 63 64
 32 33 34 55 65
 32 33 35 41 51
 32 33 37 43 64
 32 33 40 42 58
 32 33 48 54 59
 32 35 36 45 57
 32 35 38 43 52
 32 36 43 53 63
 32 36 46 47 49
 32 37 38 42 51
 32 37 54 57 60
 32 38 54 61 65
 32 39 40 53 61
 32 39 41 59 63
 32 39 62 64 65
 32 41 42 52 64
 32 41 50 53 60
 32 42 46 57 61
 32 44 47 52 65
 32 46 51 60 65
 32 47 50 54 56
 33 34 37 42 48
 33 34 38 45 62
 33 34 44 50 56
 33 34 46 49 52
 33 35 39 43 50
 33 35 57 58 63
 33 36 44 52 64
 33 39 52 53 63
 33 40 41 44 49
 33 40 43 59 65
 33 40 51 60 63
 33 41 42 57 60
 33 42 47 52 61
 33 44 47 53 59
 33 45 48 50 63
 33 54 55 58 64
 33 55 56 57 61
 34 35 37 50 58
 34 35 43 47 55
 34 36 37 41 54
 34 37 38 46 64
 34 37 45 49 53
 34 38 40 42 53
 34 39 45 51 58
 34 39 48 60 65
 34 40 44 51 55
 34 40 48 49 62
 34 41 45 47 60
 34 41 52 55 59
 34 41 57 58 65
 34 43 56 61 63
 34 44 52 54 63
 34 47 48 51 57
 34 52 53 62 64
 35 36 37 44 49
 35 37 38 45 59
 35 37 53 54 64
 35 38 53 60 61
 35 39 45 54 61
 35 39 59 60 64
 35 40 44 45 52
 35 40 56 57 59
 35 42 43 46 54
 35 43 45 49 56
 35 46 48 55 59
 35 47 50 62 63
 35 51 54 60 62
 36 37 45 46 58
 36 37 47 51 62
 36 37 50 59 64
 36 38 47 59 60
 36 39 43 44 48
 36 39 52 54 62
 36 41 48 57 59
 36 41 52 61 65
 36 42 43 45 64
 36 42 55 56 59
 36 44 47 57 58
 36 46 55 64 65
 36 51 54 56 61
 37 38 41 49 50
 37 38 44 54 58
 37 39 40 50 56
 37 39 48 63 64
 37 40 43 47 60
 37 41 44 45 64
 37 41 53 58 59
 37 42 44 55 57
 37 43 46 48 51
 37 44 46 50 53
 37 46 49 54 59
 37 51 55 58 60
 38 39 42 45 55
 38 40 54 55 56
 38 41 42 54 62
 38 42 44 49 61
 38 49 51 58 65
 38 50 58 61 62
 39 40 46 48 54
 39 41 43 46 55
 39 42 54 58 63
 39 43 57 61 64
 39 44 45 56 65
 39 45 47 50 59
 39 47 48 52 55
 39 49 51 52 64
 40 41 42 46 59
 40 43 44 50 58
 40 44 60 62 64
 40 45 60 61 65
 40 47 54 61 63
 41 45 46 61 62
 41 47 48 56 63
 41 48 53 54 65
 41 48 55 58 61
 41 51 53 56 64
 42 46 47 60 64
 42 46 49 51 55
 42 48 51 53 58
 42 50 51 59 63
 42 58 59 60 61
 43 48 50 59 62
 43 49 51 53 60
 44 45 48 53 55
 44 51 57 59 65
 44 53 56 61 62
 45 52 54 56 60
 45 52 55 57 62
 46 47 50 57 65
 46 50 51 61 64
 46 51 52 62 63
 47 48 61 62 64
 47 49 50 52 58
 50 52 59 60 65
 50 54 55 63 65
 53 55 56 60 63